UNITS=MM
#Layer_Color=32768
#
#Feature symbol names
#
$0 r127
$1 r99.9998
$2 r254

#
#Feature attribute names
#

#
#Layer features
#
L -1.60099756 6.37499614 8.05100498 6.37500122 2 P 0
L -1.6010001 0.02499868 -1.60099756 6.37499614 2 P 0
L -1.6010001 0.02499868 8.0509999 0.02499868 2 P 0
L 1.564894 21.1582 1.564894 31.44519746 0 P 0
L 1.564894 31.44519746 4.23234104 31.4452 0 P 0
L 1.56863288 21.1582 4.23234358 21.15820254 0 P 0
L 4.23234104 31.4452 4.23234358 21.15820254 0 P 0
L 4.29999902 21.77899632 4.29999902 23.1789986 1 P 0
L 4.29999902 21.77899632 6.8999989 21.77899632 1 P 0
L 4.29999902 23.1789986 6.8999989 23.1789986 1 P 0
L 4.29999902 24.31899886 4.29999902 25.71900114 1 P 0
L 4.29999902 24.31899886 6.8999989 24.31899886 1 P 0
L 4.29999902 25.71900114 6.8999989 25.71900114 1 P 0
L 4.29999902 26.85899886 4.29999902 28.25900114 1 P 0
L 4.29999902 26.85899886 6.8999989 26.85899886 1 P 0
L 4.29999902 28.25900114 6.8999989 28.25900114 1 P 0
L 4.29999902 29.39899886 4.29999902 30.79900114 1 P 0
L 4.29999902 29.39899886 6.8999989 29.39899886 1 P 0
L 4.29999902 30.79900114 6.8999989 30.79900114 1 P 0
L 4.445 16.3576 4.445 18.1864 0 P 0
L 4.445 16.3576 8.001 16.3576 0 P 0
L 4.445 18.1864 8.00099746 18.18639746 0 P 0
L 4.87462576 10.79524638 4.87462576 19.75339712 2 P 0
L 4.87462576 10.79524638 25.18544112 10.79524892 2 P 0
L 4.87462576 19.75339712 25.18544112 19.75339966 2 P 0
L 4.92300006 13.14299632 4.9230026 14.5429986 1 P 0
L 4.92300006 13.14299632 7.52299994 13.14299632 1 P 0
L 4.92300006 16.12199976 4.9230026 14.72200002 1 P 0
L 4.92300006 16.12199976 7.52299994 16.12199976 1 P 0
L 4.9230026 14.5429986 7.52299994 14.5429986 1 P 0
L 4.9230026 14.72200002 7.52299994 14.72200002 1 P 0
L 5.02919746 11.37919746 5.02920254 8.43279492 0 P 0
L 5.02919746 11.37919746 6.4008 11.37919746 0 P 0
L 5.02920254 8.43279492 6.40079746 8.43279492 0 P 0
L 5.04180094 6.80719746 5.04180094 8.17879492 0 P 0
L 5.04180094 6.80719746 7.98820094 6.80719746 0 P 0
L 5.04180094 8.17879492 7.9881984 8.1788 0 P 0
L 5.3650007 46.32399676 5.36500324 20.0349993 0 P 0
L 5.3650007 46.32399676 24.66900324 46.3239993 0 P 0
L 5.36500324 20.0349993 24.6690007 20.03500184 0 P 0
L 6.40079746 8.43279492 6.4008 11.37919746 0 P 0
L 6.6109977 8.38199746 6.61100278 11.42999492 0 P 0
L 6.6109977 8.38199746 10.8019977 8.382 0 P 0
L 6.61100278 11.42999492 10.80199516 11.42999746 0 P 0
L 6.8999989 21.77899632 6.8999989 23.1789986 1 P 0
L 6.8999989 24.31899886 6.8999989 25.71900114 1 P 0
L 6.8999989 26.85899886 6.8999989 28.25900114 1 P 0
L 6.8999989 29.39899886 6.8999989 30.79900114 1 P 0
L 7.52299994 13.14299632 7.52299994 14.5429986 1 P 0
L 7.52299994 14.72200002 7.52299994 16.12199976 1 P 0
L 7.95019238 1.70179492 7.9502 4.64819492 0 P 0
L 7.95019238 1.70179492 9.3218 1.7018 0 P 0
L 7.9502 4.64819492 9.32180254 4.64819492 0 P 0
L 7.9881984 8.1788 7.98820094 6.80719746 0 P 0
L 8.00099746 18.18639746 8.001 16.3576 0 P 0
L 8.04999914 0.02500122 8.04999914 6.37500122 2 P 0
L 8.5852 36.4067979 8.5852 39.3531979 0 P 0
L 8.5852 36.4067979 9.9568 36.4067979 0 P 0
L 8.5852 39.3531979 9.9568 39.3531979 0 P 0
L 8.62259896 30.18199958 8.62259896 33.73800212 0 P 0
L 8.62259896 30.18199958 10.45139896 30.18199958 0 P 0
L 8.62259896 33.73800212 10.45139896 33.73800212 0 P 0
L 8.98700006 34.22499886 8.98700006 35.62500114 1 P 0
L 8.98700006 34.22499886 11.58699994 34.22499886 1 P 0
L 8.98700006 35.62500114 11.58699994 35.62500114 1 P 0
L 9.3218 1.7018 9.32180254 4.64819492 0 P 0
L 9.56499992 2.09399886 9.56499992 3.49400368 1 P 0
L 9.56499992 2.09399886 12.1649998 2.09399886 1 P 0
L 9.56499992 3.49400368 12.1649998 3.49400368 1 P 0
L 9.5758 3.6068 9.5758 7.6962 1 P 0
L 9.5758 3.6068 11.7856 3.6068 1 P 0
L 9.5758 7.6962 11.7856 7.6962 1 P 0
L 9.9568 36.4067979 9.9568 39.3531979 0 P 0
L 10.1346 35.9019983 10.1346 39.4579983 0 P 0
L 10.1346 35.9019983 11.9634 35.9019983 0 P 0
L 10.1346 39.4579983 11.9634 39.4579983 0 P 0
L 10.36320254 0.20319492 10.36320254 1.9812 0 P 0
L 10.36320254 0.20319492 14.02079746 0.20319492 0 P 0
L 10.36320254 1.9812 14.02079492 1.9812 0 P 0
L 10.45139896 30.18199958 10.45139896 33.73800212 0 P 0
L 10.80199516 11.42999746 10.8019977 8.382 0 P 0
L 11.58699994 34.22499886 11.58699994 35.62500114 1 P 0
L 11.7856 3.6068 11.7856 7.6962 1 P 0
L 11.9634 35.9019983 11.9634 39.4579983 0 P 0
L 12.12699886 3.53800156 12.12699886 6.13800144 1 P 0
L 12.12699886 3.53800156 13.52700368 3.53800156 1 P 0
L 12.12699886 6.13800144 13.52700368 6.13800144 1 P 0
L 12.14119746 9.38520094 12.14120254 6.4387984 0 P 0
L 12.14119746 9.38520094 13.51280254 9.38520094 0 P 0
L 12.14120254 6.4387984 13.51280762 6.4387984 0 P 0
L 12.1649998 2.09399886 12.1649998 3.49400368 1 P 0
L 13.51280254 9.38520094 13.51280762 6.4387984 0 P 0
L 13.52700368 3.53800156 13.52700368 6.13800144 1 P 0
L 14.02079492 1.9812 14.02079746 0.20319492 0 P 0
L 15.12600226 10.54100254 15.1260048 0.127 2 P 0
L 15.12600226 10.54100254 30.11200226 10.54100254 2 P 0
L 15.1260048 0.127 30.1120048 0.127 2 P 0
L 23.86000054 18.54200254 23.86000054 28.19399746 2 P 0
L 23.86000054 18.54200254 30.24199946 18.54200254 2 P 0
L 23.86000054 28.19399746 30.24199946 28.19399746 2 P 0
L 24.6690007 20.03500184 24.66900324 46.3239993 0 P 0
L 25.18544112 10.79524892 25.18544112 19.75339966 2 P 0
L 25.71865824 27.98019296 25.71865824 35.7378 0 P 0
L 25.71865824 27.98019296 28.37553888 27.98019296 0 P 0
L 25.71865824 35.7378 28.3823664 35.7378 0 P 0
L 28.38610528 27.98019296 28.38610528 35.7378 0 P 0
L 30.11200226 10.54100254 30.1120048 0.127 2 P 0
L 30.24199946 18.54200254 30.24199946 28.19399746 2 P 0
