UNITS=MM
#Layer_Color=9474304
#
#Feature symbol names
#
$0 r127

#
#Feature attribute names
#

#
#Layer features
#
L 0.75000104 38.0000002 3.25000112 38.0000002 0 P 0
L 1.25000004 8.99999978 3.75000012 8.99999978 0 P 0
L 2.00000108 36.75000016 2.00000108 39.25000024 0 P 0
L 2.40000028 22.47899746 3.39999828 22.47899746 0 P 0
L 2.40000028 25.019 3.39999828 25.019 0 P 0
L 2.40000028 27.559 3.39999828 27.559 0 P 0
L 2.40000028 30.099 3.39999828 30.099 0 P 0
L 2.50000008 7.74999974 2.50000008 10.24999982 0 P 0
L 2.89999928 21.97899846 2.89999928 22.97899646 0 P 0
L 2.89999928 24.519001 2.89999928 25.518999 0 P 0
L 2.89999928 27.059001 2.89999928 28.058999 0 P 0
L 2.89999928 29.599001 2.89999928 30.598999 0 P 0
L 3.683 13.843 4.191 13.843 0 P 0
L 3.937 13.589 3.937 14.097 0 P 0
L 5.9500008 2.20000068 6.849999 2.20000068 0 P 0
L 5.9500008 4.20000176 6.849999 4.20000176 0 P 0
L 6.1595 20.955 6.5405 20.955 0 P 0
L 6.35 20.7645 6.35 21.1455 0 P 0
L 6.3999999 1.75000158 6.3999999 2.64999978 0 P 0
L 6.3999999 3.75000266 6.3999999 4.65000086 0 P 0
L 7.5565 37.40999884 7.9375 37.40999884 0 P 0
L 7.5565 38.67999884 7.9375 38.67999884 0 P 0
L 7.747 37.21949884 7.747 37.60049884 0 P 0
L 7.747 38.48949884 7.747 38.87049884 0 P 0
L 7.9375 35.687 8.3185 35.687 0 P 0
L 8.128 35.4965 8.128 35.8775 0 P 0
L 9.0805 23.43999884 9.4615 23.43999884 0 P 0
L 9.271 23.24949884 9.271 23.63049884 0 P 0
L 9.41200048 13.97 10.42800048 13.97 0 P 0
L 9.41200048 16.51 10.42800048 16.51 0 P 0
L 9.652 8.763 10.16 8.763 0 P 0
L 9.906 8.509 9.906 9.017 0 P 0
L 9.92000048 13.462 9.92000048 14.478 0 P 0
L 9.92000048 16.002 9.92000048 17.018 0 P 0
L 10.0910009 4.9880012 10.3450009 4.9880012 0 P 0
L 10.0910009 6.1879988 10.3450009 6.1879988 0 P 0
L 10.2180009 4.8610012 10.2180009 5.1150012 0 P 0
L 10.2180009 6.0609988 10.2180009 6.3149988 0 P 0
L 10.3505 22.352 10.7315 22.352 0 P 0
L 10.541 22.1615 10.541 22.5425 0 P 0
L 10.9909991 4.9880012 11.2449991 4.9880012 0 P 0
L 10.9909991 6.1879988 11.2449991 6.1879988 0 P 0
L 11.1179991 4.8610012 11.1179991 5.1150012 0 P 0
L 11.1179991 6.0609988 11.1179991 6.3149988 0 P 0
L 11.63950428 22.99999972 12.02050428 22.99999972 0 P 0
L 11.83000428 22.80949972 11.83000428 23.19049972 0 P 0
L 11.85000424 29.4599995 12.15000364 29.4599995 0 P 0
L 11.85000424 30.95999904 12.15000364 30.95999904 0 P 0
L 11.85000424 32.46699628 12.15000364 32.46699628 0 P 0
L 11.95200048 13.97 12.96800048 13.97 0 P 0
L 11.95200048 16.51 12.96800048 16.51 0 P 0
L 12.00000394 29.3099998 12.00000394 29.6099992 0 P 0
L 12.00000394 30.80999934 12.00000394 31.10999874 0 P 0
L 12.00000394 32.31699658 12.00000394 32.61699598 0 P 0
L 12.46000048 13.462 12.46000048 14.478 0 P 0
L 12.46000048 16.002 12.46000048 17.018 0 P 0
L 12.90950428 24.00000026 13.29050428 24.00000026 0 P 0
L 13.10000428 23.80950026 13.10000428 24.19050026 0 P 0
L 13.35000378 29.4599995 13.65000318 29.4599995 0 P 0
L 13.35000378 30.95999904 13.65000318 30.95999904 0 P 0
L 13.35000378 32.46699628 13.65000318 32.46699628 0 P 0
L 13.50000348 29.3099998 13.50000348 29.6099992 0 P 0
L 13.50000348 30.80999934 13.50000348 31.10999874 0 P 0
L 13.50000348 32.31699658 13.50000348 32.61699598 0 P 0
L 14.17950428 25.0000008 14.56050428 25.0000008 0 P 0
L 14.37000428 24.8095008 14.37000428 25.1905008 0 P 0
L 14.49200048 13.97 15.50800048 13.97 0 P 0
L 14.49200302 16.50999746 15.50800302 16.50999746 0 P 0
L 14.85000332 29.4599995 15.15000272 29.4599995 0 P 0
L 14.85000332 30.95999904 15.15000272 30.95999904 0 P 0
L 14.85000332 32.46699628 15.15000272 32.46699628 0 P 0
L 15.00000048 13.462 15.00000048 14.478 0 P 0
L 15.00000302 16.00199746 15.00000302 17.01799746 0 P 0
L 15.00000302 29.3099998 15.00000302 29.6099992 0 P 0
L 15.00000302 30.80999934 15.00000302 31.10999874 0 P 0
L 15.00000302 32.31699658 15.00000302 32.61699598 0 P 0
L 15.44950428 25.9999988 15.83050428 25.9999988 0 P 0
L 15.64000428 25.8094988 15.64000428 26.1904988 0 P 0
L 16.10000336 4.699 17.10000136 4.699 0 P 0
L 16.60000236 4.199001 16.60000236 5.198999 0 P 0
L 16.71950428 26.99999934 17.10050428 26.99999934 0 P 0
L 16.91000428 26.80949934 16.91000428 27.19049934 0 P 0
L 17.03199794 16.50999746 18.04799794 16.50999746 0 P 0
L 17.03200048 13.97 18.04800048 13.97 0 P 0
L 17.53999794 16.00199746 17.53999794 17.01799746 0 P 0
L 17.54000048 13.462 17.54000048 14.478 0 P 0
L 17.98950428 27.99999988 18.37050428 27.99999988 0 P 0
L 18.18000428 27.80949988 18.18000428 28.19049988 0 P 0
L 19.24999706 9.49900056 20.24999506 9.49900056 0 P 0
L 19.25950428 29.00000042 19.64050428 29.00000042 0 P 0
L 19.45000428 28.80950042 19.45000428 29.19050042 0 P 0
L 19.57200048 13.97 20.58800048 13.97 0 P 0
L 19.57200048 16.51000254 20.58800048 16.51000254 0 P 0
L 19.74999606 8.99900156 19.74999606 9.99899956 0 P 0
L 20.08000048 13.462 20.08000048 14.478 0 P 0
L 20.08000048 16.00200254 20.08000048 17.01800254 0 P 0
L 21.463 38.67999884 21.971 38.67999884 0 P 0
L 21.717 38.42599884 21.717 38.93399884 0 P 0
L 23.00000226 4.699 24.00000026 4.699 0 P 0
L 23.50000126 4.199001 23.50000126 5.198999 0 P 0
L 26.25000084 12.9999994 28.75000092 12.9999994 0 P 0
L 26.551001 29.337 27.550999 29.337 0 P 0
L 26.551001 31.877 27.550999 31.877 0 P 0
L 26.551001 34.417 27.550999 34.417 0 P 0
L 26.74999984 38.0000002 29.24999992 38.0000002 0 P 0
L 27.051 28.837001 27.051 29.836999 0 P 0
L 27.051 31.377001 27.051 32.376999 0 P 0
L 27.051 33.917001 27.051 34.916999 0 P 0
L 27.50000088 11.74999936 27.50000088 14.24999944 0 P 0
L 27.99999988 36.75000016 27.99999988 39.25000024 0 P 0
