UNITS=MM
#Layer_Color=9474304
#
#Feature symbol names
#
$0 r127
$1 r169.33164
$2 r101.6

#
#Feature attribute names
#

#
#Layer features
#
A 4.2418 13.843 4.2418 13.843 3.937 13.843 2 P 0 N
A 4.445 13.843 4.445 13.843 3.937 13.843 1 P 0 N
A 10.2108 8.763 10.2108 8.763 9.906 8.763 2 P 0 N
A 10.414 8.763 10.414 8.763 9.906 8.763 1 P 0 N
A 17.10800236 4.699 17.10800236 4.699 16.60000236 4.699 1 P 0 N
A 20.25799606 9.49900056 20.25799606 9.49900056 19.74999606 9.49900056 1 P 0 N
A 22.0218 38.67999884 22.0218 38.67999884 21.717 38.67999884 2 P 0 N
A 22.225 38.67999884 22.225 38.67999884 21.717 38.67999884 1 P 0 N
A 24.00800126 4.699 24.00800126 4.699 23.50000126 4.699 1 P 0 N
L 1.49200108 37.4920002 1.74600108 38.0000002 0 P 0
L 1.49200108 37.4920002 2.00000108 37.7460002 0 P 0
L 1.49200108 38.5080002 1.74600108 38.0000002 0 P 0
L 1.49200108 38.5080002 2.00000108 38.2540002 0 P 0
L 1.99200008 8.49199978 2.24600008 8.99999978 0 P 0
L 1.99200008 8.49199978 2.50000008 8.74599978 0 P 0
L 1.99200008 9.50799978 2.24600008 8.99999978 0 P 0
L 1.99200008 9.50799978 2.50000008 9.25399978 0 P 0
L 2.00000108 37.7460002 2.50800108 37.4920002 0 P 0
L 2.00000108 38.2540002 2.50800108 38.5080002 0 P 0
L 2.25400108 38.0000002 2.50800108 37.4920002 0 P 0
L 2.25400108 38.0000002 2.50800108 38.5080002 0 P 0
L 2.39199928 21.97099746 2.39199928 22.98699746 0 P 0
L 2.39199928 21.97099746 3.40799928 21.97099746 0 P 0
L 2.39199928 22.98699746 3.40799928 22.98699746 0 P 0
L 2.39199928 24.511 2.39199928 25.527 0 P 0
L 2.39199928 24.511 3.40799928 24.511 0 P 0
L 2.39199928 25.527 3.40799928 25.527 0 P 0
L 2.39199928 27.051 2.39199928 28.067 0 P 0
L 2.39199928 27.051 3.40799928 27.051 0 P 0
L 2.39199928 28.067 3.40799928 28.067 0 P 0
L 2.39199928 29.591 2.39199928 30.607 0 P 0
L 2.39199928 29.591 3.40799928 29.591 0 P 0
L 2.39199928 30.607 3.40799928 30.607 0 P 0
L 2.50000008 8.74599978 3.00800008 8.49199978 0 P 0
L 2.50000008 9.25399978 3.00800008 9.50799978 0 P 0
L 2.75400008 8.99999978 3.00800008 8.49199978 0 P 0
L 2.75400008 8.99999978 3.00800008 9.50799978 0 P 0
L 3.40799928 21.97099746 3.40799928 22.98699746 0 P 0
L 3.40799928 24.511 3.40799928 25.527 0 P 0
L 3.40799928 27.051 3.40799928 28.067 0 P 0
L 3.40799928 29.591 3.40799928 30.607 0 P 0
L 5.842 20.955 6.35 20.447 0 P 0
L 5.842 20.955 6.35 21.463 0 P 0
L 5.8919999 2.70800068 6.3999999 1.69200068 0 P 0
L 5.8919999 2.70800068 6.9079999 2.70800068 0 P 0
L 5.8919999 4.70800176 6.3999999 3.69200176 0 P 0
L 5.8919999 4.70800176 6.9079999 4.70800176 0 P 0
L 6.35 20.447 6.858 20.955 0 P 0
L 6.35 21.463 6.858 20.955 0 P 0
L 6.3999999 1.69200068 6.9079999 2.70800068 0 P 0
L 6.3999999 3.69200176 6.9079999 4.70800176 0 P 0
L 7.239 37.40999884 7.747 36.90199884 0 P 0
L 7.239 37.40999884 7.747 37.91799884 0 P 0
L 7.239 38.67999884 7.747 38.17199884 0 P 0
L 7.239 38.67999884 7.747 39.18799884 0 P 0
L 7.62 35.687 8.128 35.179 0 P 0
L 7.62 35.687 8.128 36.195 0 P 0
L 7.747 36.90199884 8.255 37.40999884 0 P 0
L 7.747 37.91799884 8.255 37.40999884 0 P 0
L 7.747 38.17199884 8.255 38.67999884 0 P 0
L 7.747 39.18799884 8.255 38.67999884 0 P 0
L 8.128 35.179 8.636 35.687 0 P 0
L 8.128 36.195 8.636 35.687 0 P 0
L 8.763 23.43999884 9.271 22.93199884 0 P 0
L 8.763 23.43999884 9.271 23.94799884 0 P 0
L 9.271 22.93199884 9.779 23.43999884 0 P 0
L 9.271 23.94799884 9.779 23.43999884 0 P 0
L 9.41200048 13.716 9.66600048 13.716 0 P 0
L 9.41200048 13.716 9.66600048 13.97 0 P 0
L 9.41200048 14.224 9.66600048 13.97 0 P 0
L 9.41200048 14.224 9.66600048 14.224 0 P 0
L 9.41200048 16.256 9.66600048 16.256 0 P 0
L 9.41200048 16.256 9.66600048 16.51 0 P 0
L 9.41200048 16.764 9.66600048 16.51 0 P 0
L 9.41200048 16.764 9.66600048 16.764 0 P 0
L 9.66600048 13.716 9.92000048 13.462 0 P 0
L 9.66600048 14.224 9.92000048 14.478 0 P 0
L 9.66600048 16.256 9.92000048 16.002 0 P 0
L 9.66600048 16.764 9.92000048 17.018 0 P 0
L 9.7100009 4.7340012 9.7100009 5.2420012 0 P 0
L 9.7100009 4.7340012 9.9640009 4.7340012 0 P 0
L 9.7100009 5.2420012 9.9640009 5.2420012 0 P 0
L 9.7100009 5.9339988 9.7100009 6.4419988 0 P 0
L 9.7100009 5.9339988 9.9640009 5.9339988 0 P 0
L 9.7100009 6.4419988 9.9640009 6.4419988 0 P 0
L 9.92000048 13.462 10.17400048 13.716 0 P 0
L 9.92000048 14.478 10.17400048 14.224 0 P 0
L 9.92000048 16.002 10.17400048 16.256 0 P 0
L 9.92000048 17.018 10.17400048 16.764 0 P 0
L 9.9640009 4.4800012 9.9640009 4.7340012 0 P 0
L 9.9640009 4.4800012 10.4720009 4.4800012 0 P 0
L 9.9640009 5.2420012 9.9640009 5.4960012 0 P 0
L 9.9640009 5.4960012 10.4720009 5.4960012 0 P 0
L 9.9640009 5.6799988 9.9640009 5.9339988 0 P 0
L 9.9640009 5.6799988 10.4720009 5.6799988 0 P 0
L 9.9640009 6.4419988 9.9640009 6.6959988 0 P 0
L 9.9640009 6.6959988 10.4720009 6.6959988 0 P 0
L 10.033 22.352 10.541 21.844 0 P 0
L 10.033 22.352 10.541 22.86 0 P 0
L 10.17400048 13.716 10.42800048 13.716 0 P 0
L 10.17400048 13.97 10.42800048 13.716 0 P 0
L 10.17400048 13.97 10.42800048 14.224 0 P 0
L 10.17400048 14.224 10.42800048 14.224 0 P 0
L 10.17400048 16.256 10.42800048 16.256 0 P 0
L 10.17400048 16.51 10.42800048 16.256 0 P 0
L 10.17400048 16.51 10.42800048 16.764 0 P 0
L 10.17400048 16.764 10.42800048 16.764 0 P 0
L 10.4720009 4.4800012 10.4720009 4.7340012 0 P 0
L 10.4720009 4.7340012 10.7260009 4.7340012 0 P 0
L 10.4720009 5.2420012 10.4720009 5.4960012 0 P 0
L 10.4720009 5.2420012 10.7260009 5.2420012 0 P 0
L 10.4720009 5.6799988 10.4720009 5.9339988 0 P 0
L 10.4720009 5.9339988 10.7260009 5.9339988 0 P 0
L 10.4720009 6.4419988 10.4720009 6.6959988 0 P 0
L 10.4720009 6.4419988 10.7260009 6.4419988 0 P 0
L 10.541 21.844 11.049 22.352 0 P 0
L 10.541 22.86 11.049 22.352 0 P 0
L 10.6099991 4.7340012 10.6099991 5.2420012 0 P 0
L 10.6099991 4.7340012 10.8639991 4.7340012 0 P 0
L 10.6099991 5.2420012 10.8639991 5.2420012 0 P 0
L 10.6099991 5.9339988 10.6099991 6.4419988 0 P 0
L 10.6099991 5.9339988 10.8639991 5.9339988 0 P 0
L 10.6099991 6.4419988 10.8639991 6.4419988 0 P 0
L 10.7260009 4.7340012 10.7260009 5.2420012 0 P 0
L 10.7260009 5.9339988 10.7260009 6.4419988 0 P 0
L 10.8639991 4.4800012 10.8639991 4.7340012 0 P 0
L 10.8639991 4.4800012 11.3719991 4.4800012 0 P 0
L 10.8639991 5.2420012 10.8639991 5.4960012 0 P 0
L 10.8639991 5.4960012 11.3719991 5.4960012 0 P 0
L 10.8639991 5.6799988 10.8639991 5.9339988 0 P 0
L 10.8639991 5.6799988 11.3719991 5.6799988 0 P 0
L 10.8639991 6.4419988 10.8639991 6.6959988 0 P 0
L 10.8639991 6.6959988 11.3719991 6.6959988 0 P 0
L 11.32200428 22.99999972 11.83000428 22.49199972 0 P 0
L 11.32200428 22.99999972 11.83000428 23.50799972 0 P 0
L 11.3719991 4.4800012 11.3719991 4.7340012 0 P 0
L 11.3719991 4.7340012 11.6259991 4.7340012 0 P 0
L 11.3719991 5.2420012 11.3719991 5.4960012 0 P 0
L 11.3719991 5.2420012 11.6259991 5.2420012 0 P 0
L 11.3719991 5.6799988 11.3719991 5.9339988 0 P 0
L 11.3719991 5.9339988 11.6259991 5.9339988 0 P 0
L 11.3719991 6.4419988 11.3719991 6.6959988 0 P 0
L 11.3719991 6.4419988 11.6259991 6.4419988 0 P 0
L 11.49200394 28.9519995 11.49200394 29.9679995 0 P 0
L 11.49200394 28.9519995 12.50800394 28.9519995 0 P 0
L 11.49200394 29.9679995 12.50800394 29.9679995 0 P 0
L 11.49200394 30.45199904 11.49200394 31.46799904 0 P 0
L 11.49200394 30.45199904 12.50800394 30.45199904 0 P 0
L 11.49200394 31.46799904 12.50800394 31.46799904 0 P 0
L 11.49200394 31.95899628 11.49200394 32.97499628 0 P 0
L 11.49200394 31.95899628 12.50800394 31.95899628 0 P 0
L 11.49200394 32.97499628 12.50800394 32.97499628 0 P 0
L 11.6259991 4.7340012 11.6259991 5.2420012 0 P 0
L 11.6259991 5.9339988 11.6259991 6.4419988 0 P 0
L 11.69520394 29.1551995 11.69520394 29.7647995 0 P 0
L 11.69520394 29.1551995 12.30480394 29.1551995 0 P 0
L 11.69520394 29.7647995 12.30480394 29.7647995 0 P 0
L 11.69520394 30.65519904 11.69520394 31.26479904 0 P 0
L 11.69520394 30.65519904 12.30480394 30.65519904 0 P 0
L 11.69520394 31.26479904 12.30480394 31.26479904 0 P 0
L 11.69520394 32.16219628 11.69520394 32.77179628 0 P 0
L 11.69520394 32.16219628 12.30480394 32.16219628 0 P 0
L 11.69520394 32.77179628 12.30480394 32.77179628 0 P 0
L 11.83000428 22.49199972 12.33800428 22.99999972 0 P 0
L 11.83000428 23.50799972 12.33800428 22.99999972 0 P 0
L 11.95200048 13.716 12.20600048 13.716 0 P 0
L 11.95200048 13.716 12.20600048 13.97 0 P 0
L 11.95200048 14.224 12.20600048 13.97 0 P 0
L 11.95200048 14.224 12.20600048 14.224 0 P 0
L 11.95200048 16.256 12.20600048 16.256 0 P 0
L 11.95200048 16.256 12.20600048 16.51 0 P 0
L 11.95200048 16.764 12.20600048 16.51 0 P 0
L 11.95200048 16.764 12.20600048 16.764 0 P 0
L 12.20600048 13.716 12.46000048 13.462 0 P 0
L 12.20600048 14.224 12.46000048 14.478 0 P 0
L 12.20600048 16.256 12.46000048 16.002 0 P 0
L 12.20600048 16.764 12.46000048 17.018 0 P 0
L 12.30480394 29.1551995 12.30480394 29.7647995 0 P 0
L 12.30480394 30.65519904 12.30480394 31.26479904 0 P 0
L 12.30480394 32.16219628 12.30480394 32.77179628 0 P 0
L 12.46000048 13.462 12.71400048 13.716 0 P 0
L 12.46000048 14.478 12.71400048 14.224 0 P 0
L 12.46000048 16.002 12.71400048 16.256 0 P 0
L 12.46000048 17.018 12.71400048 16.764 0 P 0
L 12.50800394 28.9519995 12.50800394 29.9679995 0 P 0
L 12.50800394 30.45199904 12.50800394 31.46799904 0 P 0
L 12.50800394 31.95899628 12.50800394 32.97499628 0 P 0
L 12.59200428 24.00000026 13.10000428 23.49200026 0 P 0
L 12.59200428 24.00000026 13.10000428 24.50800026 0 P 0
L 12.71400048 13.716 12.96800048 13.716 0 P 0
L 12.71400048 13.97 12.96800048 13.716 0 P 0
L 12.71400048 13.97 12.96800048 14.224 0 P 0
L 12.71400048 14.224 12.96800048 14.224 0 P 0
L 12.71400048 16.256 12.96800048 16.256 0 P 0
L 12.71400048 16.51 12.96800048 16.256 0 P 0
L 12.71400048 16.51 12.96800048 16.764 0 P 0
L 12.71400048 16.764 12.96800048 16.764 0 P 0
L 12.99200348 28.9519995 12.99200348 29.9679995 0 P 0
L 12.99200348 28.9519995 14.00800348 28.9519995 0 P 0
L 12.99200348 29.9679995 14.00800348 29.9679995 0 P 0
L 12.99200348 30.45199904 12.99200348 31.46799904 0 P 0
L 12.99200348 30.45199904 14.00800348 30.45199904 0 P 0
L 12.99200348 31.46799904 14.00800348 31.46799904 0 P 0
L 12.99200348 31.95899628 12.99200348 32.97499628 0 P 0
L 12.99200348 31.95899628 14.00800348 31.95899628 0 P 0
L 12.99200348 32.97499628 14.00800348 32.97499628 0 P 0
L 13.10000428 23.49200026 13.60800428 24.00000026 0 P 0
L 13.10000428 24.50800026 13.60800428 24.00000026 0 P 0
L 13.19520348 29.1551995 13.19520348 29.7647995 0 P 0
L 13.19520348 29.1551995 13.80480348 29.1551995 0 P 0
L 13.19520348 29.7647995 13.80480348 29.7647995 0 P 0
L 13.19520348 30.65519904 13.19520348 31.26479904 0 P 0
L 13.19520348 30.65519904 13.80480348 30.65519904 0 P 0
L 13.19520348 31.26479904 13.80480348 31.26479904 0 P 0
L 13.19520348 32.16219628 13.19520348 32.77179628 0 P 0
L 13.19520348 32.16219628 13.80480348 32.16219628 0 P 0
L 13.19520348 32.77179628 13.80480348 32.77179628 0 P 0
L 13.80480348 29.1551995 13.80480348 29.7647995 0 P 0
L 13.80480348 30.65519904 13.80480348 31.26479904 0 P 0
L 13.80480348 32.16219628 13.80480348 32.77179628 0 P 0
L 13.86200428 25.0000008 14.37000428 24.4920008 0 P 0
L 13.86200428 25.0000008 14.37000428 25.5080008 0 P 0
L 14.00800348 28.9519995 14.00800348 29.9679995 0 P 0
L 14.00800348 30.45199904 14.00800348 31.46799904 0 P 0
L 14.00800348 31.95899628 14.00800348 32.97499628 0 P 0
L 14.37000428 24.4920008 14.87800428 25.0000008 0 P 0
L 14.37000428 25.5080008 14.87800428 25.0000008 0 P 0
L 14.49200048 13.716 14.74600048 13.716 0 P 0
L 14.49200048 13.716 14.74600048 13.97 0 P 0
L 14.49200048 14.224 14.74600048 13.97 0 P 0
L 14.49200048 14.224 14.74600048 14.224 0 P 0
L 14.49200302 16.25599746 14.74600302 16.25599746 0 P 0
L 14.49200302 16.25599746 14.74600302 16.50999746 0 P 0
L 14.49200302 16.76399746 14.74600302 16.50999746 0 P 0
L 14.49200302 16.76399746 14.74600302 16.76399746 0 P 0
L 14.49200302 28.9519995 14.49200302 29.9679995 0 P 0
L 14.49200302 28.9519995 15.50800302 28.9519995 0 P 0
L 14.49200302 29.9679995 15.50800302 29.9679995 0 P 0
L 14.49200302 30.45199904 14.49200302 31.46799904 0 P 0
L 14.49200302 30.45199904 15.50800302 30.45199904 0 P 0
L 14.49200302 31.46799904 15.50800302 31.46799904 0 P 0
L 14.49200302 31.95899628 14.49200302 32.97499628 0 P 0
L 14.49200302 31.95899628 15.50800302 31.95899628 0 P 0
L 14.49200302 32.97499628 15.50800302 32.97499628 0 P 0
L 14.69520302 29.1551995 14.69520302 29.7647995 0 P 0
L 14.69520302 29.1551995 15.30480302 29.1551995 0 P 0
L 14.69520302 29.7647995 15.30480302 29.7647995 0 P 0
L 14.69520302 30.65519904 14.69520302 31.26479904 0 P 0
L 14.69520302 30.65519904 15.30480302 30.65519904 0 P 0
L 14.69520302 31.26479904 15.30480302 31.26479904 0 P 0
L 14.69520302 32.16219628 14.69520302 32.77179628 0 P 0
L 14.69520302 32.16219628 15.30480302 32.16219628 0 P 0
L 14.69520302 32.77179628 15.30480302 32.77179628 0 P 0
L 14.74600048 13.716 15.00000048 13.462 0 P 0
L 14.74600048 14.224 15.00000048 14.478 0 P 0
L 14.74600302 16.25599746 15.00000302 16.00199746 0 P 0
L 14.74600302 16.76399746 15.00000302 17.01799746 0 P 0
L 15.00000048 13.462 15.25400048 13.716 0 P 0
L 15.00000048 14.478 15.25400048 14.224 0 P 0
L 15.00000302 16.00199746 15.25400302 16.25599746 0 P 0
L 15.00000302 17.01799746 15.25400302 16.76399746 0 P 0
L 15.13200428 25.9999988 15.64000428 25.4919988 0 P 0
L 15.13200428 25.9999988 15.64000428 26.5079988 0 P 0
L 15.25400048 13.716 15.50800048 13.716 0 P 0
L 15.25400048 13.97 15.50800048 13.716 0 P 0
L 15.25400048 13.97 15.50800048 14.224 0 P 0
L 15.25400048 14.224 15.50800048 14.224 0 P 0
L 15.25400302 16.25599746 15.50800302 16.25599746 0 P 0
L 15.25400302 16.50999746 15.50800302 16.25599746 0 P 0
L 15.25400302 16.50999746 15.50800302 16.76399746 0 P 0
L 15.25400302 16.76399746 15.50800302 16.76399746 0 P 0
L 15.30480302 29.1551995 15.30480302 29.7647995 0 P 0
L 15.30480302 30.65519904 15.30480302 31.26479904 0 P 0
L 15.30480302 32.16219628 15.30480302 32.77179628 0 P 0
L 15.50800302 28.9519995 15.50800302 29.9679995 0 P 0
L 15.50800302 30.45199904 15.50800302 31.46799904 0 P 0
L 15.50800302 31.95899628 15.50800302 32.97499628 0 P 0
L 15.64000428 25.4919988 16.14800428 25.9999988 0 P 0
L 15.64000428 26.5079988 16.14800428 25.9999988 0 P 0
L 16.40200428 26.99999934 16.91000428 26.49199934 0 P 0
L 16.40200428 26.99999934 16.91000428 27.50799934 0 P 0
L 16.91000428 26.49199934 17.41800428 26.99999934 0 P 0
L 16.91000428 27.50799934 17.41800428 26.99999934 0 P 0
L 17.03199794 16.25599746 17.28599794 16.25599746 0 P 0
L 17.03199794 16.25599746 17.28599794 16.50999746 0 P 0
L 17.03199794 16.76399746 17.28599794 16.50999746 0 P 0
L 17.03199794 16.76399746 17.28599794 16.76399746 0 P 0
L 17.03200048 13.716 17.28600048 13.716 0 P 0
L 17.03200048 13.716 17.28600048 13.97 0 P 0
L 17.03200048 14.224 17.28600048 13.97 0 P 0
L 17.03200048 14.224 17.28600048 14.224 0 P 0
L 17.28599794 16.25599746 17.53999794 16.00199746 0 P 0
L 17.28599794 16.76399746 17.53999794 17.01799746 0 P 0
L 17.28600048 13.716 17.54000048 13.462 0 P 0
L 17.28600048 14.224 17.54000048 14.478 0 P 0
L 17.53999794 16.00199746 17.79399794 16.25599746 0 P 0
L 17.53999794 17.01799746 17.79399794 16.76399746 0 P 0
L 17.54000048 13.462 17.79400048 13.716 0 P 0
L 17.54000048 14.478 17.79400048 14.224 0 P 0
L 17.67200428 27.99999988 18.18000428 27.49199988 0 P 0
L 17.67200428 27.99999988 18.18000428 28.50799988 0 P 0
L 17.79399794 16.25599746 18.04799794 16.25599746 0 P 0
L 17.79399794 16.50999746 18.04799794 16.25599746 0 P 0
L 17.79399794 16.50999746 18.04799794 16.76399746 0 P 0
L 17.79399794 16.76399746 18.04799794 16.76399746 0 P 0
L 17.79400048 13.716 18.04800048 13.716 0 P 0
L 17.79400048 13.97 18.04800048 13.716 0 P 0
L 17.79400048 13.97 18.04800048 14.224 0 P 0
L 17.79400048 14.224 18.04800048 14.224 0 P 0
L 18.18000428 27.49199988 18.68800428 27.99999988 0 P 0
L 18.18000428 28.50799988 18.68800428 27.99999988 0 P 0
L 18.94200428 29.00000042 19.45000428 28.49200042 0 P 0
L 18.94200428 29.00000042 19.45000428 29.50800042 0 P 0
L 19.45000428 28.49200042 19.95800428 29.00000042 0 P 0
L 19.45000428 29.50800042 19.95800428 29.00000042 0 P 0
L 19.57200048 13.716 19.82600048 13.716 0 P 0
L 19.57200048 13.716 19.82600048 13.97 0 P 0
L 19.57200048 14.224 19.82600048 13.97 0 P 0
L 19.57200048 14.224 19.82600048 14.224 0 P 0
L 19.57200048 16.25600254 19.82600048 16.25600254 0 P 0
L 19.57200048 16.25600254 19.82600048 16.51000254 0 P 0
L 19.57200048 16.76400254 19.82600048 16.51000254 0 P 0
L 19.57200048 16.76400254 19.82600048 16.76400254 0 P 0
L 19.82600048 13.716 20.08000048 13.462 0 P 0
L 19.82600048 14.224 20.08000048 14.478 0 P 0
L 19.82600048 16.25600254 20.08000048 16.00200254 0 P 0
L 19.82600048 16.76400254 20.08000048 17.01800254 0 P 0
L 20.08000048 13.462 20.33400048 13.716 0 P 0
L 20.08000048 14.478 20.33400048 14.224 0 P 0
L 20.08000048 16.00200254 20.33400048 16.25600254 0 P 0
L 20.08000048 17.01800254 20.33400048 16.76400254 0 P 0
L 20.33400048 13.716 20.58800048 13.716 0 P 0
L 20.33400048 13.97 20.58800048 13.716 0 P 0
L 20.33400048 13.97 20.58800048 14.224 0 P 0
L 20.33400048 14.224 20.58800048 14.224 0 P 0
L 20.33400048 16.25600254 20.58800048 16.25600254 0 P 0
L 20.33400048 16.51000254 20.58800048 16.25600254 0 P 0
L 20.33400048 16.51000254 20.58800048 16.76400254 0 P 0
L 20.33400048 16.76400254 20.58800048 16.76400254 0 P 0
L 26.543 28.829 26.543 29.845 0 P 0
L 26.543 28.829 27.559 28.829 0 P 0
L 26.543 29.845 27.559 29.845 0 P 0
L 26.543 31.369 26.543 32.385 0 P 0
L 26.543 31.369 27.559 31.369 0 P 0
L 26.543 32.385 27.559 32.385 0 P 0
L 26.543 33.909 26.543 34.925 0 P 0
L 26.543 33.909 27.559 33.909 0 P 0
L 26.543 34.925 27.559 34.925 0 P 0
L 26.99200088 12.4919994 27.24600088 12.9999994 0 P 0
L 26.99200088 12.4919994 27.50000088 12.7459994 0 P 0
L 26.99200088 13.5079994 27.24600088 12.9999994 0 P 0
L 26.99200088 13.5079994 27.50000088 13.2539994 0 P 0
L 27.49199988 37.4920002 27.74599988 38.0000002 0 P 0
L 27.49199988 37.4920002 27.99999988 37.7460002 0 P 0
L 27.49199988 38.5080002 27.74599988 38.0000002 0 P 0
L 27.49199988 38.5080002 27.99999988 38.2540002 0 P 0
L 27.50000088 12.7459994 28.00800088 12.4919994 0 P 0
L 27.50000088 13.2539994 28.00800088 13.5079994 0 P 0
L 27.559 28.829 27.559 29.845 0 P 0
L 27.559 31.369 27.559 32.385 0 P 0
L 27.559 33.909 27.559 34.925 0 P 0
L 27.75400088 12.9999994 28.00800088 12.4919994 0 P 0
L 27.75400088 12.9999994 28.00800088 13.5079994 0 P 0
L 27.99999988 37.7460002 28.50799988 37.4920002 0 P 0
L 27.99999988 38.2540002 28.50799988 38.5080002 0 P 0
L 28.25399988 38.0000002 28.50799988 37.4920002 0 P 0
L 28.25399988 38.0000002 28.50799988 38.5080002 0 P 0
