UNITS=MM
#Layer_Color=9474304
#
#Feature symbol names
#
$0 r127
$1 r169.33164

#
#Feature attribute names
#

#
#Layer features
#
A 0.508 10.00000032 0.508 10.00000032 0 10.00000032 1 P 0 N
A 0.508 15.00000048 0.508 15.00000048 0 15.00000048 1 P 0 N
A 0.508 20.00000064 0.508 20.00000064 0 20.00000064 1 P 0 N
A 15.50800048 6.0000007 15.50800048 6.0000007 15.00000048 6.0000007 1 P 0 N
A 15.50800048 11.99999886 15.50800048 11.99999886 15.00000048 11.99999886 1 P 0 N
A 15.50800048 17.99999956 15.50800048 17.99999956 15.00000048 17.99999956 1 P 0 N
A 15.50800048 24.00000026 15.50800048 24.00000026 15.00000048 24.00000026 1 P 0 N
L 0.49200054 8.99200132 0.74600054 9.50000132 0 P 0
L 0.49200054 8.99200132 1.00000054 9.24600132 0 P 0
L 0.49200054 9.99199932 0.74600054 10.49999932 0 P 0
L 0.49200054 9.99199932 1.00000054 10.24599932 0 P 0
L 0.49200054 10.00800132 0.74600054 9.50000132 0 P 0
L 0.49200054 10.00800132 1.00000054 9.75400132 0 P 0
L 0.49200054 11.00799932 0.74600054 10.49999932 0 P 0
L 0.49200054 11.00799932 1.00000054 10.75399932 0 P 0
L 0.49200054 13.99200148 0.74600054 14.50000148 0 P 0
L 0.49200054 13.99200148 1.00000054 14.24600148 0 P 0
L 0.49200054 14.99199948 0.74600054 15.49999948 0 P 0
L 0.49200054 14.99199948 1.00000054 15.24599948 0 P 0
L 0.49200054 15.00800148 0.74600054 14.50000148 0 P 0
L 0.49200054 15.00800148 1.00000054 14.75400148 0 P 0
L 0.49200054 16.00799948 0.74600054 15.49999948 0 P 0
L 0.49200054 16.00799948 1.00000054 15.75399948 0 P 0
L 0.49200054 18.99200164 0.74600054 19.50000164 0 P 0
L 0.49200054 18.99200164 1.00000054 19.24600164 0 P 0
L 0.49200054 19.99199964 0.74600054 20.49999964 0 P 0
L 0.49200054 19.99199964 1.00000054 20.24599964 0 P 0
L 0.49200054 20.00800164 0.74600054 19.50000164 0 P 0
L 0.49200054 20.00800164 1.00000054 19.75400164 0 P 0
L 0.49200054 21.00799964 0.74600054 20.49999964 0 P 0
L 0.49200054 21.00799964 1.00000054 20.75399964 0 P 0
L 1.00000054 9.24600132 1.50800054 8.99200132 0 P 0
L 1.00000054 9.75400132 1.50800054 10.00800132 0 P 0
L 1.00000054 10.24599932 1.50800054 9.99199932 0 P 0
L 1.00000054 10.75399932 1.50800054 11.00799932 0 P 0
L 1.00000054 14.24600148 1.50800054 13.99200148 0 P 0
L 1.00000054 14.75400148 1.50800054 15.00800148 0 P 0
L 1.00000054 15.24599948 1.50800054 14.99199948 0 P 0
L 1.00000054 15.75399948 1.50800054 16.00799948 0 P 0
L 1.00000054 19.24600164 1.50800054 18.99200164 0 P 0
L 1.00000054 19.75400164 1.50800054 20.00800164 0 P 0
L 1.00000054 20.24599964 1.50800054 19.99199964 0 P 0
L 1.00000054 20.75399964 1.50800054 21.00799964 0 P 0
L 1.09199934 1.09199934 1.09199934 2.10799934 0 P 0
L 1.09199934 1.09199934 2.10799934 1.09199934 0 P 0
L 1.09199934 2.10799934 2.10799934 2.10799934 0 P 0
L 1.09199934 27.89199908 1.09199934 28.90799908 0 P 0
L 1.09199934 27.89199908 2.10799934 27.89199908 0 P 0
L 1.09199934 28.90799908 2.10799934 28.90799908 0 P 0
L 1.25400054 9.50000132 1.50800054 8.99200132 0 P 0
L 1.25400054 9.50000132 1.50800054 10.00800132 0 P 0
L 1.25400054 10.49999932 1.50800054 9.99199932 0 P 0
L 1.25400054 10.49999932 1.50800054 11.00799932 0 P 0
L 1.25400054 14.50000148 1.50800054 13.99200148 0 P 0
L 1.25400054 14.50000148 1.50800054 15.00800148 0 P 0
L 1.25400054 15.49999948 1.50800054 14.99199948 0 P 0
L 1.25400054 15.49999948 1.50800054 16.00799948 0 P 0
L 1.25400054 19.50000164 1.50800054 18.99200164 0 P 0
L 1.25400054 19.50000164 1.50800054 20.00800164 0 P 0
L 1.25400054 20.49999964 1.50800054 19.99199964 0 P 0
L 1.25400054 20.49999964 1.50800054 21.00799964 0 P 0
L 2.10799934 1.09199934 2.10799934 2.10799934 0 P 0
L 2.10799934 27.89199908 2.10799934 28.90799908 0 P 0
L 4.58700124 3.74599962 4.84100124 3.74599962 0 P 0
L 4.58700124 3.74599962 4.84100124 3.99999962 0 P 0
L 4.58700124 4.25399962 4.84100124 3.99999962 0 P 0
L 4.58700124 4.25399962 4.84100124 4.25399962 0 P 0
L 4.58700124 7.80800064 5.09500124 6.79200064 0 P 0
L 4.58700124 7.80800064 5.60300124 7.80800064 0 P 0
L 4.84100124 3.74599962 5.09500124 3.49199962 0 P 0
L 4.84100124 4.25399962 5.09500124 4.50799962 0 P 0
L 5.09500124 3.49199962 5.34900124 3.74599962 0 P 0
L 5.09500124 4.50799962 5.34900124 4.25399962 0 P 0
L 5.09500124 6.79200064 5.60300124 7.80800064 0 P 0
L 5.34900124 3.74599962 5.60300124 3.74599962 0 P 0
L 5.34900124 3.99999962 5.60300124 3.74599962 0 P 0
L 5.34900124 3.99999962 5.60300124 4.25399962 0 P 0
L 5.34900124 4.25399962 5.60300124 4.25399962 0 P 0
L 5.85700124 23.20800032 6.36500124 22.19200032 0 P 0
L 5.85700124 23.20800032 6.87300124 23.20800032 0 P 0
L 5.85700124 25.7459988 6.11100124 25.7459988 0 P 0
L 5.85700124 25.7459988 6.11100124 25.9999988 0 P 0
L 5.85700124 26.2539988 6.11100124 25.9999988 0 P 0
L 5.85700124 26.2539988 6.11100124 26.2539988 0 P 0
L 6.11100124 25.7459988 6.36500124 25.4919988 0 P 0
L 6.11100124 26.2539988 6.36500124 26.5079988 0 P 0
L 6.36500124 22.19200032 6.87300124 23.20800032 0 P 0
L 6.36500124 25.4919988 6.61900124 25.7459988 0 P 0
L 6.36500124 26.5079988 6.61900124 26.2539988 0 P 0
L 6.61900124 25.7459988 6.87300124 25.7459988 0 P 0
L 6.61900124 25.9999988 6.87300124 25.7459988 0 P 0
L 6.61900124 25.9999988 6.87300124 26.2539988 0 P 0
L 6.61900124 26.2539988 6.87300124 26.2539988 0 P 0
L 12.89200114 1.09199934 12.89200114 2.10799934 0 P 0
L 12.89200114 1.09199934 13.90800114 1.09199934 0 P 0
L 12.89200114 2.10799934 13.90800114 2.10799934 0 P 0
L 12.89200114 27.89199908 12.89200114 28.90799908 0 P 0
L 12.89200114 27.89199908 13.90800114 27.89199908 0 P 0
L 12.89200114 28.90799908 13.90800114 28.90799908 0 P 0
L 13.49199994 4.9920017 13.74599994 5.5000017 0 P 0
L 13.49199994 4.9920017 13.99999994 5.2460017 0 P 0
L 13.49199994 5.9919997 13.74599994 6.4999997 0 P 0
L 13.49199994 5.9919997 13.99999994 6.2459997 0 P 0
L 13.49199994 6.0080017 13.74599994 5.5000017 0 P 0
L 13.49199994 6.0080017 13.99999994 5.7540017 0 P 0
L 13.49199994 7.0079997 13.74599994 6.4999997 0 P 0
L 13.49199994 7.0079997 13.99999994 6.7539997 0 P 0
L 13.49199994 10.99199986 13.74599994 11.49999986 0 P 0
L 13.49199994 10.99199986 13.99999994 11.24599986 0 P 0
L 13.49199994 11.99199786 13.74599994 12.49999786 0 P 0
L 13.49199994 11.99199786 13.99999994 12.24599786 0 P 0
L 13.49199994 12.00799986 13.74599994 11.49999986 0 P 0
L 13.49199994 12.00799986 13.99999994 11.75399986 0 P 0
L 13.49199994 13.00799786 13.74599994 12.49999786 0 P 0
L 13.49199994 13.00799786 13.99999994 12.75399786 0 P 0
L 13.49199994 16.99200056 13.74599994 17.50000056 0 P 0
L 13.49199994 16.99200056 13.99999994 17.24600056 0 P 0
L 13.49199994 17.99199856 13.74599994 18.49999856 0 P 0
L 13.49199994 17.99199856 13.99999994 18.24599856 0 P 0
L 13.49199994 18.00800056 13.74599994 17.50000056 0 P 0
L 13.49199994 18.00800056 13.99999994 17.75400056 0 P 0
L 13.49199994 19.00799856 13.74599994 18.49999856 0 P 0
L 13.49199994 19.00799856 13.99999994 18.75399856 0 P 0
L 13.49199994 22.99200126 13.74599994 23.50000126 0 P 0
L 13.49199994 22.99200126 13.99999994 23.24600126 0 P 0
L 13.49199994 23.99199926 13.74599994 24.49999926 0 P 0
L 13.49199994 23.99199926 13.99999994 24.24599926 0 P 0
L 13.49199994 24.00800126 13.74599994 23.50000126 0 P 0
L 13.49199994 24.00800126 13.99999994 23.75400126 0 P 0
L 13.49199994 25.00799926 13.74599994 24.49999926 0 P 0
L 13.49199994 25.00799926 13.99999994 24.75399926 0 P 0
L 13.90800114 1.09199934 13.90800114 2.10799934 0 P 0
L 13.90800114 27.89199908 13.90800114 28.90799908 0 P 0
L 13.99999994 5.2460017 14.50799994 4.9920017 0 P 0
L 13.99999994 5.7540017 14.50799994 6.0080017 0 P 0
L 13.99999994 6.2459997 14.50799994 5.9919997 0 P 0
L 13.99999994 6.7539997 14.50799994 7.0079997 0 P 0
L 13.99999994 11.24599986 14.50799994 10.99199986 0 P 0
L 13.99999994 11.75399986 14.50799994 12.00799986 0 P 0
L 13.99999994 12.24599786 14.50799994 11.99199786 0 P 0
L 13.99999994 12.75399786 14.50799994 13.00799786 0 P 0
L 13.99999994 17.24600056 14.50799994 16.99200056 0 P 0
L 13.99999994 17.75400056 14.50799994 18.00800056 0 P 0
L 13.99999994 18.24599856 14.50799994 17.99199856 0 P 0
L 13.99999994 18.75399856 14.50799994 19.00799856 0 P 0
L 13.99999994 23.24600126 14.50799994 22.99200126 0 P 0
L 13.99999994 23.75400126 14.50799994 24.00800126 0 P 0
L 13.99999994 24.24599926 14.50799994 23.99199926 0 P 0
L 13.99999994 24.75399926 14.50799994 25.00799926 0 P 0
L 14.25399994 5.5000017 14.50799994 4.9920017 0 P 0
L 14.25399994 5.5000017 14.50799994 6.0080017 0 P 0
L 14.25399994 6.4999997 14.50799994 5.9919997 0 P 0
L 14.25399994 6.4999997 14.50799994 7.0079997 0 P 0
L 14.25399994 11.49999986 14.50799994 10.99199986 0 P 0
L 14.25399994 11.49999986 14.50799994 12.00799986 0 P 0
L 14.25399994 12.49999786 14.50799994 11.99199786 0 P 0
L 14.25399994 12.49999786 14.50799994 13.00799786 0 P 0
L 14.25399994 17.50000056 14.50799994 16.99200056 0 P 0
L 14.25399994 17.50000056 14.50799994 18.00800056 0 P 0
L 14.25399994 18.49999856 14.50799994 17.99199856 0 P 0
L 14.25399994 18.49999856 14.50799994 19.00799856 0 P 0
L 14.25399994 23.50000126 14.50799994 22.99200126 0 P 0
L 14.25399994 23.50000126 14.50799994 24.00800126 0 P 0
L 14.25399994 24.49999926 14.50799994 23.99199926 0 P 0
L 14.25399994 24.49999926 14.50799994 25.00799926 0 P 0
