UNITS=MM
#Layer_Color=9474304
#
#Feature symbol names
#
$0 r127

#
#Feature attribute names
#

#
#Layer features
#
L -0.05836666 38.12029714 0.0916305 38.12029714 0 P 0
L -0.17614392 37.85864412 -0.17614392 38.00864128 0 P 0
L -0.17614392 38.217856 -0.17614392 38.36785316 0 P 0
L -0.2511425 37.9336427 -0.10114534 37.9336427 0 P 0
L -0.2511425 38.29285458 -0.10114534 38.29285458 0 P 0
L -0.35574732 38.3974594 -0.35574732 38.54745656 0 P 0
L -0.35574986 38.03825006 -0.35574986 38.18824722 0 P 0
L -0.3557524 37.67904072 -0.3557524 37.82903788 0 P 0
L -0.4307459 38.47245798 -0.28074874 38.47245798 0 P 0
L -0.43074844 38.11324864 -0.28075128 38.11324864 0 P 0
L -0.43075098 37.7540393 -0.28075382 37.7540393 0 P 0
L -0.5353558 37.85864412 -0.5353558 38.00864128 0 P 0
L -0.5353558 38.217856 -0.5353558 38.36785316 0 P 0
L -0.61035438 37.9336427 -0.46035722 37.9336427 0 P 0
L -0.61035438 38.29285458 -0.46035722 38.29285458 0 P 0
L -0.7149592 38.0382526 -0.7149592 38.18824976 0 P 0
L -0.78995778 38.11325118 -0.63996062 38.11325118 0 P 0
L -1.25000004 17.50000056 1.25000004 17.50000056 0 P 0
L -1.46099784 5.5000017 -1.46099784 6.4999997 0 P 0
L -1.96099684 6.0000007 -0.96099884 6.0000007 0 P 0
L -3.43762076 40.8900503 -3.43762076 41.04004746 0 P 0
L -3.46099892 5.5000017 -3.46099892 6.4999997 0 P 0
L -3.51261934 40.96504888 -3.36262218 40.96504888 0 P 0
L -3.6303966 40.70339586 -3.6303966 40.85339302 0 P 0
L -3.6303966 41.06260774 -3.6303966 41.2126049 0 P 0
L -3.70539518 40.77839444 -3.55539802 40.77839444 0 P 0
L -3.70539518 41.13760632 -3.55539802 41.13760632 0 P 0
L -3.81 41.24221114 -3.81 41.3922083 0 P 0
L -3.81000254 40.8830018 -3.81000254 41.03299896 0 P 0
L -3.81000508 40.52379246 -3.81000508 40.67378962 0 P 0
L -3.88499858 41.31720972 -3.73500142 41.31720972 0 P 0
L -3.88500112 40.95800038 -3.73500396 40.95800038 0 P 0
L -3.88500366 40.59879104 -3.7350065 40.59879104 0 P 0
L -3.96099792 6.0000007 -2.96099992 6.0000007 0 P 0
L -3.98960848 40.70339586 -3.98960848 40.85339302 0 P 0
L -3.98960848 41.06260774 -3.98960848 41.2126049 0 P 0
L -4.06460706 40.77839444 -3.9146099 40.77839444 0 P 0
L -4.06460706 41.13760632 -3.9146099 41.13760632 0 P 0
L -4.16921188 40.88300434 -4.16921188 41.0330015 0 P 0
L -4.23761916 38.00705378 -4.23761916 38.15705094 0 P 0
L -4.24421046 40.95800292 -4.0942133 40.95800292 0 P 0
L -4.31261774 38.08205236 -4.16262058 38.08205236 0 P 0
L -4.430395 37.82039934 -4.430395 37.9703965 0 P 0
L -4.430395 38.17961122 -4.430395 38.32960838 0 P 0
L -4.50539358 37.89539792 -4.35539642 37.89539792 0 P 0
L -4.50539358 38.2546098 -4.35539642 38.2546098 0 P 0
L -4.6099984 38.35921462 -4.6099984 38.50921178 0 P 0
L -4.61000094 38.00000528 -4.61000094 38.15000244 0 P 0
L -4.61000348 37.64079594 -4.61000348 37.7907931 0 P 0
L -4.68499698 38.4342132 -4.53499982 38.4342132 0 P 0
L -4.68499952 38.07500386 -4.53500236 38.07500386 0 P 0
L -4.68500206 37.71579452 -4.5350049 37.71579452 0 P 0
L -4.78960688 37.82039934 -4.78960688 37.9703965 0 P 0
L -4.78960688 38.17961122 -4.78960688 38.32960838 0 P 0
L -4.86460546 37.89539792 -4.7146083 37.89539792 0 P 0
L -4.86460546 38.2546098 -4.7146083 38.2546098 0 P 0
L -4.96921028 38.00000782 -4.96921028 38.15000498 0 P 0
L -5.04420886 38.0750064 -4.8942117 38.0750064 0 P 0
L -5.461 5.5000017 -5.461 6.4999997 0 P 0
L -5.69999876 9.50000132 -5.69999876 10.49999932 0 P 0
L -5.69999876 11.5000024 -5.69999876 12.5000004 0 P 0
L -5.69999876 13.50000094 -5.69999876 14.49999894 0 P 0
L -5.69999876 15.50000202 -5.69999876 16.50000002 0 P 0
L -5.69999876 17.50000056 -5.69999876 18.49999856 0 P 0
L -5.69999876 19.50000164 -5.69999876 20.49999964 0 P 0
L -5.960999 6.0000007 -4.961001 6.0000007 0 P 0
L -6.19999776 10.00000032 -5.19999976 10.00000032 0 P 0
L -6.19999776 12.0000014 -5.19999976 12.0000014 0 P 0
L -6.19999776 13.99999994 -5.19999976 13.99999994 0 P 0
L -6.19999776 16.00000102 -5.19999976 16.00000102 0 P 0
L -6.19999776 17.99999956 -5.19999976 17.99999956 0 P 0
L -6.19999776 20.00000064 -5.19999976 20.00000064 0 P 0
L -9.75000082 0.75000104 -9.75000082 3.25000112 0 P 0
L -9.90598476 25.09101408 -9.90598476 26.09101208 0 P 0
L -9.90598984 30.171009 -9.90598984 31.171007 0 P 0
L -9.906 27.63100138 -9.906 28.63099938 0 P 0
L -10.39999698 37.49999866 -10.39999698 38.49999666 0 P 0
L -10.39999698 39.50000228 -10.39999698 40.50000028 0 P 0
L -10.40598376 25.59101308 -9.40598576 25.59101308 0 P 0
L -10.40598884 30.671008 -9.40599084 30.671008 0 P 0
L -10.405999 28.13100038 -9.406001 28.13100038 0 P 0
L -10.89999598 37.99999766 -9.89999798 37.99999766 0 P 0
L -10.89999598 40.00000128 -9.89999798 40.00000128 0 P 0
L -11.00000086 2.00000108 -8.50000078 2.00000108 0 P 0
L 0 16.25000052 0 18.7500006 0 P 0
L 0.01663192 38.04529856 0.01663192 38.19529572 0 P 0
L 1.57099508 31.66000018 1.82099204 31.66000018 0 P 0
L 1.57099508 33.15999972 1.82099204 33.15999972 0 P 0
L 1.57099508 34.66699696 1.82099204 34.66699696 0 P 0
L 1.69599356 31.5350017 1.69599356 31.78499866 0 P 0
L 1.69599356 33.03500124 1.69599356 33.2849982 0 P 0
L 1.69599356 34.54199848 1.69599356 34.79199544 0 P 0
L 2.3130002 24.95600038 2.5129998 24.95600038 0 P 0
L 2.413 24.85600058 2.413 25.05600018 0 P 0
L 2.6940002 28.38500038 2.8939998 28.38500038 0 P 0
L 2.794 28.28500058 2.794 28.48500018 0 P 0
L 2.96099484 6.0000007 3.96099284 6.0000007 0 P 0
L 3.07099462 31.66000018 3.32099158 31.66000018 0 P 0
L 3.07099462 33.15999972 3.32099158 33.15999972 0 P 0
L 3.07099462 34.66699696 3.32099158 34.66699696 0 P 0
L 3.1959931 31.5350017 3.1959931 31.78499866 0 P 0
L 3.1959931 33.03500124 3.1959931 33.2849982 0 P 0
L 3.1959931 34.54199848 3.1959931 34.79199544 0 P 0
L 3.46099384 5.5000017 3.46099384 6.4999997 0 P 0
L 3.5830002 25.08300038 3.7829998 25.08300038 0 P 0
L 3.683 24.98300058 3.683 25.18300018 0 P 0
L 4.57099416 31.66000018 4.82099112 31.66000018 0 P 0
L 4.57099416 33.15999972 4.82099112 33.15999972 0 P 0
L 4.57099416 34.66699696 4.82099112 34.66699696 0 P 0
L 4.69599264 31.5350017 4.69599264 31.78499866 0 P 0
L 4.69599264 33.03500124 4.69599264 33.2849982 0 P 0
L 4.69599264 34.54199848 4.69599264 34.79199544 0 P 0
L 4.961001 5.99999816 5.960999 5.99999816 0 P 0
L 4.9800002 25.46400038 5.1799998 25.46400038 0 P 0
L 5.08 25.36400058 5.08 25.56400018 0 P 0
L 5.19599672 10.00000032 6.19599472 10.00000032 0 P 0
L 5.19599672 12.0000014 6.19599472 12.0000014 0 P 0
L 5.19599672 13.99999994 6.19599472 13.99999994 0 P 0
L 5.19599672 16.00000102 6.19599472 16.00000102 0 P 0
L 5.19599672 17.99999956 6.19599472 17.99999956 0 P 0
L 5.19599672 20.00000064 6.19599472 20.00000064 0 P 0
L 5.461 5.49999916 5.461 6.49999716 0 P 0
L 5.69599572 9.50000132 5.69599572 10.49999932 0 P 0
L 5.69599572 11.5000024 5.69599572 12.5000004 0 P 0
L 5.69599572 13.50000094 5.69599572 14.49999894 0 P 0
L 5.69599572 15.50000202 5.69599572 16.50000002 0 P 0
L 5.69599572 17.50000056 5.69599572 18.49999856 0 P 0
L 5.69599572 19.50000164 5.69599572 20.49999964 0 P 0
L 7.2660002 20.13000038 7.4659998 20.13000038 0 P 0
L 7.2660002 26.35300038 7.4659998 26.35300038 0 P 0
L 7.366 20.03000058 7.366 20.23000018 0 P 0
L 7.366 26.25300058 7.366 26.45300018 0 P 0
L 7.9010002 18.86000038 8.1009998 18.86000038 0 P 0
L 7.9010002 25.08300038 8.1009998 25.08300038 0 P 0
L 8.001 18.76000058 8.001 18.96000018 0 P 0
L 8.001 24.98300058 8.001 25.18300018 0 P 0
L 8.43083404 41.09252132 8.5808312 41.09252132 0 P 0
L 8.50000078 2.00000108 11.00000086 2.00000108 0 P 0
L 8.50379046 39.56100292 8.65378762 39.56100292 0 P 0
L 8.50583262 41.01752274 8.50583262 41.1675199 0 P 0
L 8.57878904 39.48600434 8.57878904 39.6360015 0 P 0
L 8.6104349 40.91291284 8.76043206 40.91291284 0 P 0
L 8.6104349 41.27212472 8.76043206 41.27212472 0 P 0
L 8.68339386 39.38139444 8.83339102 39.38139444 0 P 0
L 8.68339386 39.74060632 8.83339102 39.74060632 0 P 0
L 8.68543348 40.83791426 8.68543348 40.98791142 0 P 0
L 8.68543348 41.19712614 8.68543348 41.3471233 0 P 0
L 8.75839244 39.30639586 8.75839244 39.45639302 0 P 0
L 8.75839244 39.66560774 8.75839244 39.8156049 0 P 0
L 8.7900383 40.73331198 8.94003546 40.73331198 0 P 0
L 8.79004084 41.09251878 8.940038 41.09251878 0 P 0
L 8.79004338 41.45172558 8.94004054 41.45172558 0 P 0
L 8.86299726 39.20179104 9.01299442 39.20179104 0 P 0
L 8.8629998 39.56100038 9.01299696 39.56100038 0 P 0
L 8.86300234 39.92020972 9.0129995 39.92020972 0 P 0
L 8.86503688 40.6583134 8.86503688 40.80831056 0 P 0
L 8.86503942 41.0175202 8.86503942 41.16751736 0 P 0
L 8.86504196 41.376727 8.86504196 41.52672416 0 P 0
L 8.93799584 39.12679246 8.93799584 39.27678962 0 P 0
L 8.93799838 39.4860018 8.93799838 39.63599896 0 P 0
L 8.93800092 39.84521114 8.93800092 39.9952083 0 P 0
L 8.96964678 40.91291284 9.11964394 40.91291284 0 P 0
L 8.96964678 41.27212472 9.11964394 41.27212472 0 P 0
L 8.9851865 38.34027638 9.1851861 38.34027638 0 P 0
L 9.04260574 39.38139444 9.1926029 39.38139444 0 P 0
L 9.04260574 39.74060632 9.1926029 39.74060632 0 P 0
L 9.04464536 40.83791426 9.04464536 40.98791142 0 P 0
L 9.04464536 41.19712614 9.04464536 41.3471233 0 P 0
L 9.0851863 38.24027658 9.0851863 38.44027618 0 P 0
L 9.11760432 39.30639586 9.11760432 39.45639302 0 P 0
L 9.11760432 39.66560774 9.11760432 39.8156049 0 P 0
L 9.16242262 41.09956728 9.31241978 41.09956728 0 P 0
L 9.23538158 39.56804888 9.38537874 39.56804888 0 P 0
L 9.2374212 41.0245687 9.2374212 41.17456586 0 P 0
L 9.31038016 39.4930503 9.31038016 39.64304746 0 P 0
L 9.75000082 0.75000104 9.75000082 3.25000112 0 P 0
