UNITS=MM
#Layer_Color=9474304
#
#Feature symbol names
#
$0 r127

#
#Feature attribute names
#

#
#Layer features
#
L 1.024001 12.9999994 2.023999 12.9999994 0 P 0
L 1.25000004 2.50000008 3.75000012 2.50000008 0 P 0
L 1.25000004 37.5000012 3.75000012 37.5000012 0 P 0
L 1.524 12.5000004 1.524 13.4999984 0 P 0
L 2.50000008 1.25000004 2.50000008 3.75000012 0 P 0
L 2.50000008 36.25000116 2.50000008 38.75000124 0 P 0
L 3.564001 12.9999994 4.563999 12.9999994 0 P 0
L 3.7870003 23.35446688 4.0869997 23.35446688 0 P 0
L 3.7870003 29.464 4.0869997 29.464 0 P 0
L 3.937 23.20446718 3.937 23.50446658 0 P 0
L 3.937 29.3140003 3.937 29.6139997 0 P 0
L 4.064 12.5000004 4.064 13.4999984 0 P 0
L 6.104001 12.9999994 7.103999 12.9999994 0 P 0
L 6.4999997 1.69999914 7.4999977 1.69999914 0 P 0
L 6.604 12.5000004 6.604 13.4999984 0 P 0
L 6.9999987 1.20000014 6.9999987 2.19999814 0 P 0
L 7.8510003 16.129 8.1509997 16.129 0 P 0
L 8.001 15.9790003 8.001 16.2789997 0 P 0
L 8.50000078 1.69999914 9.49999878 1.69999914 0 P 0
L 8.99999978 1.20000014 8.99999978 2.19999814 0 P 0
L 9.85044766 22.16609232 10.15044706 22.16609232 0 P 0
L 10.00044736 22.01609262 10.00044736 22.31609202 0 P 0
L 10.2640003 29.464 10.5639997 29.464 0 P 0
L 10.414 29.3140003 10.414 29.6139997 0 P 0
L 11.3070005 5.8040016 11.8069995 5.8040016 0 P 0
L 11.3070005 7.366 11.8069995 7.366 0 P 0
L 11.557 5.5540021 11.557 6.0540011 0 P 0
L 11.557 7.1160005 11.557 7.6159995 0 P 0
L 12.5500003 35.306 12.8499997 35.306 0 P 0
L 12.62087646 10.00735616 12.92087586 10.00735616 0 P 0
L 12.7 22.51772992 12.954 22.51772992 0 P 0
L 12.7 35.1560003 12.7 35.4559997 0 P 0
L 12.77087616 9.85735646 12.77087616 10.15735586 0 P 0
L 12.827 22.39072992 12.827 22.64472992 0 P 0
L 14.35768274 24.0481104 14.85768174 24.0481104 0 P 0
L 14.44399702 10.668 14.94399602 10.668 0 P 0
L 14.44399702 18.161 14.94399602 18.161 0 P 0
L 14.60768224 23.7981109 14.60768224 24.2981099 0 P 0
L 14.69399652 10.4180005 14.69399652 10.9179995 0 P 0
L 14.69399652 17.9110005 14.69399652 18.4109995 0 P 0
L 14.87499946 29.1600001 15.12499642 29.1600001 0 P 0
L 14.87499946 30.65999964 15.12499642 30.65999964 0 P 0
L 14.87499946 32.16699688 15.12499642 32.16699688 0 P 0
L 14.99999794 29.03500162 14.99999794 29.28499858 0 P 0
L 14.99999794 30.53500116 14.99999794 30.78499812 0 P 0
L 14.99999794 32.0419984 14.99999794 32.29199536 0 P 0
L 15.3440003 35.052 15.6439997 35.052 0 P 0
L 15.494 34.9020003 15.494 35.2019997 0 P 0
L 16.0439989 10.668 16.5439979 10.668 0 P 0
L 16.1330005 18.161 16.6329995 18.161 0 P 0
L 16.24999798 38.37999944 16.74999698 38.37999944 0 P 0
L 16.2939984 10.4180005 16.2939984 10.9179995 0 P 0
L 16.374999 29.1600001 16.62499596 29.1600001 0 P 0
L 16.374999 30.65999964 16.62499596 30.65999964 0 P 0
L 16.374999 32.16699688 16.62499596 32.16699688 0 P 0
L 16.383 17.9110005 16.383 18.4109995 0 P 0
L 16.49999748 29.03500162 16.49999748 29.28499858 0 P 0
L 16.49999748 30.53500116 16.49999748 30.78499812 0 P 0
L 16.49999748 32.0419984 16.49999748 32.29199536 0 P 0
L 16.49999748 38.12999994 16.49999748 38.62999894 0 P 0
L 17.87499854 29.1600001 18.1249955 29.1600001 0 P 0
L 17.87499854 30.65999964 18.1249955 30.65999964 0 P 0
L 17.87499854 32.16699688 18.1249955 32.16699688 0 P 0
L 17.99999702 29.03500162 17.99999702 29.28499858 0 P 0
L 17.99999702 30.53500116 17.99999702 30.78499812 0 P 0
L 17.99999702 32.0419984 17.99999702 32.29199536 0 P 0
L 18.2650003 25.527 18.5649997 25.527 0 P 0
L 18.2650003 27.559 18.5649997 27.559 0 P 0
L 18.296001 6.096 19.295999 6.096 0 P 0
L 18.415 25.3770003 18.415 25.6769997 0 P 0
L 18.415 27.4090003 18.415 27.7089997 0 P 0
L 18.796 5.596001 18.796 6.595999 0 P 0
L 18.83668318 22.02712384 19.13668258 22.02712384 0 P 0
L 18.98668288 21.87712414 18.98668288 22.17712354 0 P 0
L 19.5620005 28.448 20.0619995 28.448 0 P 0
L 19.5620005 33.782 20.0619995 33.782 0 P 0
L 19.812 28.1980005 19.812 28.6979995 0 P 0
L 19.812 33.5320005 19.812 34.0319995 0 P 0
L 20.201001 12.319 21.200999 12.319 0 P 0
L 20.29600208 6.096 21.29600008 6.096 0 P 0
L 20.701 11.819001 20.701 12.818999 0 P 0
L 20.79600108 5.596001 20.79600108 6.595999 0 P 0
L 21.8480005 37.084 22.3479995 37.084 0 P 0
L 22.098 36.8340005 22.098 37.3339995 0 P 0
L 22.29600062 6.096 23.29599862 6.096 0 P 0
L 22.741001 12.319 23.740999 12.319 0 P 0
L 22.79599962 5.596001 22.79599962 6.595999 0 P 0
L 23.241 11.819001 23.241 12.818999 0 P 0
L 24.1070003 8.763 24.4069997 8.763 0 P 0
L 24.257 8.6130003 24.257 8.9129997 0 P 0
L 25.07573598 35.80989536 25.37573538 35.80989536 0 P 0
L 25.22573568 35.65989566 25.22573568 35.95989506 0 P 0
L 25.281001 12.319 26.280999 12.319 0 P 0
L 25.3500001 23.49999872 25.6499995 23.49999872 0 P 0
L 25.4999998 23.34999902 25.4999998 23.64999842 0 P 0
L 25.781 11.819001 25.781 12.818999 0 P 0
L 26.25000084 2.50000008 28.75000092 2.50000008 0 P 0
L 26.25000084 37.5000012 28.75000092 37.5000012 0 P 0
L 26.35000064 25.4999998 26.65000004 25.4999998 0 P 0
L 26.50000034 25.3500001 26.50000034 25.6499995 0 P 0
L 27.35000118 27.50000088 27.65000058 27.50000088 0 P 0
L 27.50000088 1.25000004 27.50000088 3.75000012 0 P 0
L 27.50000088 27.35000118 27.50000088 27.65000058 0 P 0
L 27.50000088 36.25000116 27.50000088 38.75000124 0 P 0
L 27.821001 12.319 28.820999 12.319 0 P 0
L 28.321 11.819001 28.321 12.818999 0 P 0
L 28.34999918 29.49999942 28.64999858 29.49999942 0 P 0
L 28.49999888 29.34999972 28.49999888 29.64999912 0 P 0
