UNITS=MM
#Layer_Color=32768
#
#Feature symbol names
#
$0 r99.9998
$1 r127

#
#Feature attribute names
#

#
#Layer features
#
L 6.9596 18.161 6.9596 21.717 1 P 0
L 6.9596 18.161 8.7884 18.161 1 P 0
L 6.9596 21.717 8.7884 21.717 1 P 0
L 7.17399886 21.68700006 7.17399886 24.28699994 0 P 0
L 7.17399886 21.68700006 8.57400114 21.68700006 0 P 0
L 7.17399886 24.28699994 8.57400114 24.28699994 0 P 0
L 8.57400114 21.68700006 8.57400114 24.28699994 0 P 0
L 8.7884 18.161 8.7884 21.717 1 P 0
L 9.525 16.51 9.525 22.606 1 P 0
L 9.525 16.51 12.954 16.51 1 P 0
L 9.525 22.606 12.954 22.606 1 P 0
L 10.38400006 14.03199886 10.38400006 15.43200114 0 P 0
L 10.38400006 14.03199886 12.98399994 14.03199886 0 P 0
L 10.38400006 15.43200114 12.98399994 15.43200114 0 P 0
L 11.01900006 23.68399886 11.01900006 25.08400114 0 P 0
L 11.01900006 23.68399886 13.61899994 23.68399886 0 P 0
L 11.01900006 25.08400114 13.61899994 25.08400114 0 P 0
L 11.01900006 25.20799886 11.01900006 26.60800114 0 P 0
L 11.01900006 25.20799886 13.61899994 25.20799886 0 P 0
L 11.01900006 26.60800114 13.61899994 26.60800114 0 P 0
L 12.7762 16.68780254 12.7762 19.63420254 1 P 0
L 12.7762 16.68780254 14.1478 16.68780254 1 P 0
L 12.7762 19.63420254 14.1478 19.63420254 1 P 0
L 12.954 16.51 12.954 22.606 1 P 0
L 12.98399994 14.03199886 12.98399994 15.43200114 0 P 0
L 13.14299886 19.78200006 13.14299886 22.38199994 0 P 0
L 13.14299886 19.78200006 14.54300114 19.78200006 0 P 0
L 13.14299886 22.38199994 14.54300114 22.38199994 0 P 0
L 13.61899994 23.68399886 13.61899994 25.08400114 0 P 0
L 13.61899994 25.20799886 13.61899994 26.60800114 0 P 0
L 14.1478 16.68780254 14.1478 19.63420254 1 P 0
L 14.54300114 19.78200006 14.54300114 22.38199994 0 P 0
L 14.5542 19.48180254 14.5542 22.42820254 1 P 0
L 14.5542 19.48180254 15.9258 19.48180254 1 P 0
L 14.5542 22.42820254 15.9258 22.42820254 1 P 0
L 15.9258 19.48180254 15.9258 22.42820254 1 P 0
L 16.2822001 13.14200064 16.2822001 26.85800064 1 P 0
L 16.2822001 13.14200064 24.8928001 13.14200064 1 P 0
L 16.2822001 26.85800064 24.8928001 26.85800064 1 P 0
L 24.8928001 13.14200064 24.8928001 26.85800064 1 P 0
