UNITS=MM
#Layer_Color=9474304
#
#Feature symbol names
#
$0 r127
$1 r169.33164

#
#Feature attribute names
#

#
#Layer features
#
A 2.20399356 31.66000018 2.20399356 31.66000018 1.69599356 31.66000018 1 P 0 N
A 2.20399356 33.15999972 2.20399356 33.15999972 1.69599356 33.15999972 1 P 0 N
A 2.20399356 34.66699696 2.20399356 34.66699696 1.69599356 34.66699696 1 P 0 N
A 3.7039931 31.66000018 3.7039931 31.66000018 3.1959931 31.66000018 1 P 0 N
A 3.7039931 33.15999972 3.7039931 33.15999972 3.1959931 33.15999972 1 P 0 N
A 3.7039931 34.66699696 3.7039931 34.66699696 3.1959931 34.66699696 1 P 0 N
A 5.20399264 31.66000018 5.20399264 31.66000018 4.69599264 31.66000018 1 P 0 N
A 5.20399264 33.15999972 5.20399264 33.15999972 4.69599264 33.15999972 1 P 0 N
A 5.20399264 34.66699696 5.20399264 34.66699696 4.69599264 34.66699696 1 P 0 N
L -0.17614392 37.4256427 0.33185608 37.9336427 0 P 0
L -0.17614392 37.78485458 0.33185608 38.29285458 0 P 0
L -0.17614392 38.4416427 0.33185608 37.9336427 0 P 0
L -0.17614392 38.80085458 0.33185608 38.29285458 0 P 0
L -0.35574732 37.96445798 0.15225268 38.47245798 0 P 0
L -0.35574732 38.98045798 0.15225268 38.47245798 0 P 0
L -0.35574986 37.60524864 0.15225014 38.11324864 0 P 0
L -0.35574986 38.62124864 0.15225014 38.11324864 0 P 0
L -0.3557524 37.2460393 0.1522476 37.7540393 0 P 0
L -0.3557524 38.2620393 0.1522476 37.7540393 0 P 0
L -0.49136808 38.12029714 0.01663192 37.61229714 0 P 0
L -0.49136808 38.12029714 0.01663192 38.62829714 0 P 0
L -0.508 16.99200056 -0.508 18.00800056 0 P 0
L -0.508 16.99200056 0.508 16.99200056 0 P 0
L -0.508 18.00800056 0.508 18.00800056 0 P 0
L -0.5353558 37.4256427 -0.0273558 37.9336427 0 P 0
L -0.5353558 37.78485458 -0.0273558 38.29285458 0 P 0
L -0.5353558 38.4416427 -0.0273558 37.9336427 0 P 0
L -0.5353558 38.80085458 -0.0273558 38.29285458 0 P 0
L -0.68414392 37.9336427 -0.17614392 37.4256427 0 P 0
L -0.68414392 37.9336427 -0.17614392 38.4416427 0 P 0
L -0.68414392 38.29285458 -0.17614392 37.78485458 0 P 0
L -0.68414392 38.29285458 -0.17614392 38.80085458 0 P 0
L -0.7149592 37.60525118 -0.2069592 38.11325118 0 P 0
L -0.7149592 38.62125118 -0.2069592 38.11325118 0 P 0
L -0.86374732 38.47245798 -0.35574732 37.96445798 0 P 0
L -0.86374732 38.47245798 -0.35574732 38.98045798 0 P 0
L -0.86374986 38.11324864 -0.35574986 37.60524864 0 P 0
L -0.86374986 38.11324864 -0.35574986 38.62124864 0 P 0
L -0.8637524 37.7540393 -0.3557524 37.2460393 0 P 0
L -0.8637524 37.7540393 -0.3557524 38.2620393 0 P 0
L -1.0433558 37.9336427 -0.5353558 37.4256427 0 P 0
L -1.0433558 37.9336427 -0.5353558 38.4416427 0 P 0
L -1.0433558 38.29285458 -0.5353558 37.78485458 0 P 0
L -1.0433558 38.29285458 -0.5353558 38.80085458 0 P 0
L -1.2229592 38.11325118 -0.7149592 37.60525118 0 P 0
L -1.2229592 38.11325118 -0.7149592 38.62125118 0 P 0
L -1.46099784 5.4920007 -0.95299784 6.5080007 0 P 0
L -1.96899784 6.5080007 -0.95299784 6.5080007 0 P 0
L -1.96899784 6.5080007 -1.46099784 5.4920007 0 P 0
L -3.43762076 40.45704888 -2.92962076 40.96504888 0 P 0
L -3.43762076 41.47304888 -2.92962076 40.96504888 0 P 0
L -3.46099892 5.4920007 -2.95299892 6.5080007 0 P 0
L -3.6303966 40.27039444 -3.1223966 40.77839444 0 P 0
L -3.6303966 40.62960632 -3.1223966 41.13760632 0 P 0
L -3.6303966 41.28639444 -3.1223966 40.77839444 0 P 0
L -3.6303966 41.64560632 -3.1223966 41.13760632 0 P 0
L -3.81 40.80920972 -3.302 41.31720972 0 P 0
L -3.81 41.82520972 -3.302 41.31720972 0 P 0
L -3.81000254 40.45000038 -3.30200254 40.95800038 0 P 0
L -3.81000254 41.46600038 -3.30200254 40.95800038 0 P 0
L -3.81000508 40.09079104 -3.30200508 40.59879104 0 P 0
L -3.81000508 41.10679104 -3.30200508 40.59879104 0 P 0
L -3.94562076 40.96504888 -3.43762076 40.45704888 0 P 0
L -3.94562076 40.96504888 -3.43762076 41.47304888 0 P 0
L -3.96899892 6.5080007 -2.95299892 6.5080007 0 P 0
L -3.96899892 6.5080007 -3.46099892 5.4920007 0 P 0
L -3.98960848 40.27039444 -3.48160848 40.77839444 0 P 0
L -3.98960848 40.62960632 -3.48160848 41.13760632 0 P 0
L -3.98960848 41.28639444 -3.48160848 40.77839444 0 P 0
L -3.98960848 41.64560632 -3.48160848 41.13760632 0 P 0
L -4.1383966 40.77839444 -3.6303966 40.27039444 0 P 0
L -4.1383966 40.77839444 -3.6303966 41.28639444 0 P 0
L -4.1383966 41.13760632 -3.6303966 40.62960632 0 P 0
L -4.1383966 41.13760632 -3.6303966 41.64560632 0 P 0
L -4.16921188 40.45000292 -3.66121188 40.95800292 0 P 0
L -4.16921188 41.46600292 -3.66121188 40.95800292 0 P 0
L -4.23761916 37.57405236 -3.72961916 38.08205236 0 P 0
L -4.23761916 38.59005236 -3.72961916 38.08205236 0 P 0
L -4.318 41.31720972 -3.81 40.80920972 0 P 0
L -4.318 41.31720972 -3.81 41.82520972 0 P 0
L -4.31800254 40.95800038 -3.81000254 40.45000038 0 P 0
L -4.31800254 40.95800038 -3.81000254 41.46600038 0 P 0
L -4.31800508 40.59879104 -3.81000508 40.09079104 0 P 0
L -4.31800508 40.59879104 -3.81000508 41.10679104 0 P 0
L -4.430395 37.38739792 -3.922395 37.89539792 0 P 0
L -4.430395 37.7466098 -3.922395 38.2546098 0 P 0
L -4.430395 38.40339792 -3.922395 37.89539792 0 P 0
L -4.430395 38.7626098 -3.922395 38.2546098 0 P 0
L -4.49760848 40.77839444 -3.98960848 40.27039444 0 P 0
L -4.49760848 40.77839444 -3.98960848 41.28639444 0 P 0
L -4.49760848 41.13760632 -3.98960848 40.62960632 0 P 0
L -4.49760848 41.13760632 -3.98960848 41.64560632 0 P 0
L -4.6099984 37.9262132 -4.1019984 38.4342132 0 P 0
L -4.6099984 38.9422132 -4.1019984 38.4342132 0 P 0
L -4.61000094 37.56700386 -4.10200094 38.07500386 0 P 0
L -4.61000094 38.58300386 -4.10200094 38.07500386 0 P 0
L -4.61000348 37.20779452 -4.10200348 37.71579452 0 P 0
L -4.61000348 38.22379452 -4.10200348 37.71579452 0 P 0
L -4.67721188 40.95800292 -4.16921188 40.45000292 0 P 0
L -4.67721188 40.95800292 -4.16921188 41.46600292 0 P 0
L -4.74561916 38.08205236 -4.23761916 37.57405236 0 P 0
L -4.74561916 38.08205236 -4.23761916 38.59005236 0 P 0
L -4.78960688 37.38739792 -4.28160688 37.89539792 0 P 0
L -4.78960688 37.7466098 -4.28160688 38.2546098 0 P 0
L -4.78960688 38.40339792 -4.28160688 37.89539792 0 P 0
L -4.78960688 38.7626098 -4.28160688 38.2546098 0 P 0
L -4.938395 37.89539792 -4.430395 37.38739792 0 P 0
L -4.938395 37.89539792 -4.430395 38.40339792 0 P 0
L -4.938395 38.2546098 -4.430395 37.7466098 0 P 0
L -4.938395 38.2546098 -4.430395 38.7626098 0 P 0
L -4.96921028 37.5670064 -4.46121028 38.0750064 0 P 0
L -4.96921028 38.5830064 -4.46121028 38.0750064 0 P 0
L -5.1179984 38.4342132 -4.6099984 37.9262132 0 P 0
L -5.1179984 38.4342132 -4.6099984 38.9422132 0 P 0
L -5.11800094 38.07500386 -4.61000094 37.56700386 0 P 0
L -5.11800094 38.07500386 -4.61000094 38.58300386 0 P 0
L -5.11800348 37.71579452 -4.61000348 37.20779452 0 P 0
L -5.11800348 37.71579452 -4.61000348 38.22379452 0 P 0
L -5.29760688 37.89539792 -4.78960688 37.38739792 0 P 0
L -5.29760688 37.89539792 -4.78960688 38.40339792 0 P 0
L -5.29760688 38.2546098 -4.78960688 37.7466098 0 P 0
L -5.29760688 38.2546098 -4.78960688 38.7626098 0 P 0
L -5.461 5.4920007 -4.953 6.5080007 0 P 0
L -5.47721028 38.0750064 -4.96921028 37.5670064 0 P 0
L -5.47721028 38.0750064 -4.96921028 38.5830064 0 P 0
L -5.69999876 9.49200032 -5.19199876 10.50800032 0 P 0
L -5.69999876 11.4920014 -5.19199876 12.5080014 0 P 0
L -5.69999876 13.49199994 -5.19199876 14.50799994 0 P 0
L -5.69999876 15.49200102 -5.19199876 16.50800102 0 P 0
L -5.69999876 17.49199956 -5.19199876 18.50799956 0 P 0
L -5.69999876 19.49200064 -5.19199876 20.50800064 0 P 0
L -5.969 6.5080007 -4.953 6.5080007 0 P 0
L -5.969 6.5080007 -5.461 5.4920007 0 P 0
L -6.20799876 10.50800032 -5.19199876 10.50800032 0 P 0
L -6.20799876 10.50800032 -5.69999876 9.49200032 0 P 0
L -6.20799876 12.5080014 -5.19199876 12.5080014 0 P 0
L -6.20799876 12.5080014 -5.69999876 11.4920014 0 P 0
L -6.20799876 14.50799994 -5.19199876 14.50799994 0 P 0
L -6.20799876 14.50799994 -5.69999876 13.49199994 0 P 0
L -6.20799876 16.50800102 -5.19199876 16.50800102 0 P 0
L -6.20799876 16.50800102 -5.69999876 15.49200102 0 P 0
L -6.20799876 18.50799956 -5.19199876 18.50799956 0 P 0
L -6.20799876 18.50799956 -5.69999876 17.49199956 0 P 0
L -6.20799876 20.50800064 -5.19199876 20.50800064 0 P 0
L -6.20799876 20.50800064 -5.69999876 19.49200064 0 P 0
L -9.24200082 1.49200108 -9.24200082 2.50800108 0 P 0
L -9.90598476 25.08301308 -9.39798476 26.09901308 0 P 0
L -9.90598984 30.163008 -9.39798984 31.179008 0 P 0
L -9.906 27.62300038 -9.398 28.63900038 0 P 0
L -10.25800082 1.49200108 -9.24200082 1.49200108 0 P 0
L -10.25800082 1.49200108 -10.25800082 2.50800108 0 P 0
L -10.25800082 2.50800108 -9.24200082 2.50800108 0 P 0
L -10.39999698 37.49199766 -9.89199698 38.50799766 0 P 0
L -10.39999698 39.49200128 -9.89199698 40.50800128 0 P 0
L -10.41398476 26.09901308 -9.39798476 26.09901308 0 P 0
L -10.41398476 26.09901308 -9.90598476 25.08301308 0 P 0
L -10.41398984 31.179008 -9.39798984 31.179008 0 P 0
L -10.41398984 31.179008 -9.90598984 30.163008 0 P 0
L -10.414 28.63900038 -9.398 28.63900038 0 P 0
L -10.414 28.63900038 -9.906 27.62300038 0 P 0
L -10.90799698 38.50799766 -9.89199698 38.50799766 0 P 0
L -10.90799698 38.50799766 -10.39999698 37.49199766 0 P 0
L -10.90799698 40.50800128 -9.89199698 40.50800128 0 P 0
L -10.90799698 40.50800128 -10.39999698 39.49200128 0 P 0
L 0.01663192 37.61229714 0.52463192 38.12029714 0 P 0
L 0.01663192 38.62829714 0.52463192 38.12029714 0 P 0
L 0.508 16.99200056 0.508 18.00800056 0 P 0
L 1.905 24.70200038 1.905 25.21000038 0 P 0
L 1.905 24.70200038 2.159 24.70200038 0 P 0
L 1.905 25.21000038 2.159 25.21000038 0 P 0
L 2.159 24.44800038 2.159 24.70200038 0 P 0
L 2.159 24.44800038 2.667 24.44800038 0 P 0
L 2.159 25.21000038 2.159 25.46400038 0 P 0
L 2.159 25.46400038 2.667 25.46400038 0 P 0
L 2.286 28.13100038 2.286 28.63900038 0 P 0
L 2.286 28.13100038 2.54 28.13100038 0 P 0
L 2.286 28.63900038 2.54 28.63900038 0 P 0
L 2.54 27.87700038 2.54 28.13100038 0 P 0
L 2.54 27.87700038 3.048 27.87700038 0 P 0
L 2.54 28.63900038 2.54 28.89300038 0 P 0
L 2.54 28.89300038 3.048 28.89300038 0 P 0
L 2.667 24.44800038 2.667 24.70200038 0 P 0
L 2.667 24.70200038 2.921 24.70200038 0 P 0
L 2.667 25.21000038 2.667 25.46400038 0 P 0
L 2.667 25.21000038 2.921 25.21000038 0 P 0
L 2.921 24.70200038 2.921 25.21000038 0 P 0
L 2.95299384 6.5080007 3.46099384 5.4920007 0 P 0
L 2.95299384 6.5080007 3.96899384 6.5080007 0 P 0
L 3.048 27.87700038 3.048 28.13100038 0 P 0
L 3.048 28.13100038 3.302 28.13100038 0 P 0
L 3.048 28.63900038 3.048 28.89300038 0 P 0
L 3.048 28.63900038 3.302 28.63900038 0 P 0
L 3.175 24.82900038 3.175 25.33700038 0 P 0
L 3.175 24.82900038 3.429 24.82900038 0 P 0
L 3.175 25.33700038 3.429 25.33700038 0 P 0
L 3.302 28.13100038 3.302 28.63900038 0 P 0
L 3.429 24.57500038 3.429 24.82900038 0 P 0
L 3.429 24.57500038 3.937 24.57500038 0 P 0
L 3.429 25.33700038 3.429 25.59100038 0 P 0
L 3.429 25.59100038 3.937 25.59100038 0 P 0
L 3.46099384 5.4920007 3.96899384 6.5080007 0 P 0
L 3.937 24.57500038 3.937 24.82900038 0 P 0
L 3.937 24.82900038 4.191 24.82900038 0 P 0
L 3.937 25.33700038 3.937 25.59100038 0 P 0
L 3.937 25.33700038 4.191 25.33700038 0 P 0
L 4.191 24.82900038 4.191 25.33700038 0 P 0
L 4.572 25.21000038 4.572 25.71800038 0 P 0
L 4.572 25.21000038 4.826 25.21000038 0 P 0
L 4.572 25.71800038 4.826 25.71800038 0 P 0
L 4.826 24.95600038 4.826 25.21000038 0 P 0
L 4.826 24.95600038 5.334 24.95600038 0 P 0
L 4.826 25.71800038 4.826 25.97200038 0 P 0
L 4.826 25.97200038 5.334 25.97200038 0 P 0
L 4.953 6.50799816 5.461 5.49199816 0 P 0
L 4.953 6.50799816 5.969 6.50799816 0 P 0
L 5.18799572 10.50800032 5.69599572 9.49200032 0 P 0
L 5.18799572 10.50800032 6.20399572 10.50800032 0 P 0
L 5.18799572 12.5080014 5.69599572 11.4920014 0 P 0
L 5.18799572 12.5080014 6.20399572 12.5080014 0 P 0
L 5.18799572 14.50799994 5.69599572 13.49199994 0 P 0
L 5.18799572 14.50799994 6.20399572 14.50799994 0 P 0
L 5.18799572 16.50800102 5.69599572 15.49200102 0 P 0
L 5.18799572 16.50800102 6.20399572 16.50800102 0 P 0
L 5.18799572 18.50799956 5.69599572 17.49199956 0 P 0
L 5.18799572 18.50799956 6.20399572 18.50799956 0 P 0
L 5.18799572 20.50800064 5.69599572 19.49200064 0 P 0
L 5.18799572 20.50800064 6.20399572 20.50800064 0 P 0
L 5.334 24.95600038 5.334 25.21000038 0 P 0
L 5.334 25.21000038 5.588 25.21000038 0 P 0
L 5.334 25.71800038 5.334 25.97200038 0 P 0
L 5.334 25.71800038 5.588 25.71800038 0 P 0
L 5.461 5.49199816 5.969 6.50799816 0 P 0
L 5.588 25.21000038 5.588 25.71800038 0 P 0
L 5.69599572 9.49200032 6.20399572 10.50800032 0 P 0
L 5.69599572 11.4920014 6.20399572 12.5080014 0 P 0
L 5.69599572 13.49199994 6.20399572 14.50799994 0 P 0
L 5.69599572 15.49200102 6.20399572 16.50800102 0 P 0
L 5.69599572 17.49199956 6.20399572 18.50799956 0 P 0
L 5.69599572 19.49200064 6.20399572 20.50800064 0 P 0
L 6.858 19.87600038 6.858 20.38400038 0 P 0
L 6.858 19.87600038 7.112 19.87600038 0 P 0
L 6.858 20.38400038 7.112 20.38400038 0 P 0
L 6.858 26.09900038 6.858 26.60700038 0 P 0
L 6.858 26.09900038 7.112 26.09900038 0 P 0
L 6.858 26.60700038 7.112 26.60700038 0 P 0
L 7.112 19.62200038 7.112 19.87600038 0 P 0
L 7.112 19.62200038 7.62 19.62200038 0 P 0
L 7.112 20.38400038 7.112 20.63800038 0 P 0
L 7.112 20.63800038 7.62 20.63800038 0 P 0
L 7.112 25.84500038 7.112 26.09900038 0 P 0
L 7.112 25.84500038 7.62 25.84500038 0 P 0
L 7.112 26.60700038 7.112 26.86100038 0 P 0
L 7.112 26.86100038 7.62 26.86100038 0 P 0
L 7.493 18.60600038 7.493 19.11400038 0 P 0
L 7.493 18.60600038 7.747 18.60600038 0 P 0
L 7.493 19.11400038 7.747 19.11400038 0 P 0
L 7.493 24.82900038 7.493 25.33700038 0 P 0
L 7.493 24.82900038 7.747 24.82900038 0 P 0
L 7.493 25.33700038 7.747 25.33700038 0 P 0
L 7.62 19.62200038 7.62 19.87600038 0 P 0
L 7.62 19.87600038 7.874 19.87600038 0 P 0
L 7.62 20.38400038 7.62 20.63800038 0 P 0
L 7.62 20.38400038 7.874 20.38400038 0 P 0
L 7.62 25.84500038 7.62 26.09900038 0 P 0
L 7.62 26.09900038 7.874 26.09900038 0 P 0
L 7.62 26.60700038 7.62 26.86100038 0 P 0
L 7.62 26.60700038 7.874 26.60700038 0 P 0
L 7.747 18.35200038 7.747 18.60600038 0 P 0
L 7.747 18.35200038 8.255 18.35200038 0 P 0
L 7.747 19.11400038 7.747 19.36800038 0 P 0
L 7.747 19.36800038 8.255 19.36800038 0 P 0
L 7.747 24.57500038 7.747 24.82900038 0 P 0
L 7.747 24.57500038 8.255 24.57500038 0 P 0
L 7.747 25.33700038 7.747 25.59100038 0 P 0
L 7.747 25.59100038 8.255 25.59100038 0 P 0
L 7.874 19.87600038 7.874 20.38400038 0 P 0
L 7.874 26.09900038 7.874 26.60700038 0 P 0
L 7.99783262 41.09252132 8.50583262 40.58452132 0 P 0
L 7.99783262 41.09252132 8.50583262 41.60052132 0 P 0
L 8.07078904 39.56100292 8.57878904 39.05300292 0 P 0
L 8.07078904 39.56100292 8.57878904 40.06900292 0 P 0
L 8.17743348 40.91291284 8.68543348 40.40491284 0 P 0
L 8.17743348 40.91291284 8.68543348 41.42091284 0 P 0
L 8.17743348 41.27212472 8.68543348 40.76412472 0 P 0
L 8.17743348 41.27212472 8.68543348 41.78012472 0 P 0
L 8.25039244 39.38139444 8.75839244 38.87339444 0 P 0
L 8.25039244 39.38139444 8.75839244 39.88939444 0 P 0
L 8.25039244 39.74060632 8.75839244 39.23260632 0 P 0
L 8.25039244 39.74060632 8.75839244 40.24860632 0 P 0
L 8.255 18.35200038 8.255 18.60600038 0 P 0
L 8.255 18.60600038 8.509 18.60600038 0 P 0
L 8.255 19.11400038 8.255 19.36800038 0 P 0
L 8.255 19.11400038 8.509 19.11400038 0 P 0
L 8.255 24.57500038 8.255 24.82900038 0 P 0
L 8.255 24.82900038 8.509 24.82900038 0 P 0
L 8.255 25.33700038 8.255 25.59100038 0 P 0
L 8.255 25.33700038 8.509 25.33700038 0 P 0
L 8.35703688 40.73331198 8.86503688 40.22531198 0 P 0
L 8.35703688 40.73331198 8.86503688 41.24131198 0 P 0
L 8.35703942 41.09251878 8.86503942 40.58451878 0 P 0
L 8.35703942 41.09251878 8.86503942 41.60051878 0 P 0
L 8.35704196 41.45172558 8.86504196 40.94372558 0 P 0
L 8.35704196 41.45172558 8.86504196 41.95972558 0 P 0
L 8.42999584 39.20179104 8.93799584 38.69379104 0 P 0
L 8.42999584 39.20179104 8.93799584 39.70979104 0 P 0
L 8.42999838 39.56100038 8.93799838 39.05300038 0 P 0
L 8.42999838 39.56100038 8.93799838 40.06900038 0 P 0
L 8.43000092 39.92020972 8.93800092 39.41220972 0 P 0
L 8.43000092 39.92020972 8.93800092 40.42820972 0 P 0
L 8.50583262 40.58452132 9.01383262 41.09252132 0 P 0
L 8.50583262 41.60052132 9.01383262 41.09252132 0 P 0
L 8.509 18.60600038 8.509 19.11400038 0 P 0
L 8.509 24.82900038 8.509 25.33700038 0 P 0
L 8.53664536 40.91291284 9.04464536 40.40491284 0 P 0
L 8.53664536 40.91291284 9.04464536 41.42091284 0 P 0
L 8.53664536 41.27212472 9.04464536 40.76412472 0 P 0
L 8.53664536 41.27212472 9.04464536 41.78012472 0 P 0
L 8.5771863 38.08627638 8.5771863 38.59427638 0 P 0
L 8.5771863 38.08627638 8.8311863 38.08627638 0 P 0
L 8.5771863 38.59427638 8.8311863 38.59427638 0 P 0
L 8.57878904 39.05300292 9.08678904 39.56100292 0 P 0
L 8.57878904 40.06900292 9.08678904 39.56100292 0 P 0
L 8.60960432 39.38139444 9.11760432 38.87339444 0 P 0
L 8.60960432 39.38139444 9.11760432 39.88939444 0 P 0
L 8.60960432 39.74060632 9.11760432 39.23260632 0 P 0
L 8.60960432 39.74060632 9.11760432 40.24860632 0 P 0
L 8.68543348 40.40491284 9.19343348 40.91291284 0 P 0
L 8.68543348 40.76412472 9.19343348 41.27212472 0 P 0
L 8.68543348 41.42091284 9.19343348 40.91291284 0 P 0
L 8.68543348 41.78012472 9.19343348 41.27212472 0 P 0
L 8.7294212 41.09956728 9.2374212 40.59156728 0 P 0
L 8.7294212 41.09956728 9.2374212 41.60756728 0 P 0
L 8.75839244 38.87339444 9.26639244 39.38139444 0 P 0
L 8.75839244 39.23260632 9.26639244 39.74060632 0 P 0
L 8.75839244 39.88939444 9.26639244 39.38139444 0 P 0
L 8.75839244 40.24860632 9.26639244 39.74060632 0 P 0
L 8.80238016 39.56804888 9.31038016 39.06004888 0 P 0
L 8.80238016 39.56804888 9.31038016 40.07604888 0 P 0
L 8.8311863 37.83227638 8.8311863 38.08627638 0 P 0
L 8.8311863 37.83227638 9.3391863 37.83227638 0 P 0
L 8.8311863 38.59427638 8.8311863 38.84827638 0 P 0
L 8.8311863 38.84827638 9.3391863 38.84827638 0 P 0
L 8.86503688 40.22531198 9.37303688 40.73331198 0 P 0
L 8.86503688 41.24131198 9.37303688 40.73331198 0 P 0
L 8.86503942 40.58451878 9.37303942 41.09251878 0 P 0
L 8.86503942 41.60051878 9.37303942 41.09251878 0 P 0
L 8.86504196 40.94372558 9.37304196 41.45172558 0 P 0
L 8.86504196 41.95972558 9.37304196 41.45172558 0 P 0
L 8.93799584 38.69379104 9.44599584 39.20179104 0 P 0
L 8.93799584 39.70979104 9.44599584 39.20179104 0 P 0
L 8.93799838 39.05300038 9.44599838 39.56100038 0 P 0
L 8.93799838 40.06900038 9.44599838 39.56100038 0 P 0
L 8.93800092 39.41220972 9.44600092 39.92020972 0 P 0
L 8.93800092 40.42820972 9.44600092 39.92020972 0 P 0
L 9.04464536 40.40491284 9.55264536 40.91291284 0 P 0
L 9.04464536 40.76412472 9.55264536 41.27212472 0 P 0
L 9.04464536 41.42091284 9.55264536 40.91291284 0 P 0
L 9.04464536 41.78012472 9.55264536 41.27212472 0 P 0
L 9.11760432 38.87339444 9.62560432 39.38139444 0 P 0
L 9.11760432 39.23260632 9.62560432 39.74060632 0 P 0
L 9.11760432 39.88939444 9.62560432 39.38139444 0 P 0
L 9.11760432 40.24860632 9.62560432 39.74060632 0 P 0
L 9.2374212 40.59156728 9.7454212 41.09956728 0 P 0
L 9.2374212 41.60756728 9.7454212 41.09956728 0 P 0
L 9.24200082 1.49200108 9.24200082 2.50800108 0 P 0
L 9.24200082 1.49200108 10.25800082 1.49200108 0 P 0
L 9.24200082 2.50800108 10.25800082 2.50800108 0 P 0
L 9.31038016 39.06004888 9.81838016 39.56804888 0 P 0
L 9.31038016 40.07604888 9.81838016 39.56804888 0 P 0
L 9.3391863 37.83227638 9.3391863 38.08627638 0 P 0
L 9.3391863 38.08627638 9.5931863 38.08627638 0 P 0
L 9.3391863 38.59427638 9.3391863 38.84827638 0 P 0
L 9.3391863 38.59427638 9.5931863 38.59427638 0 P 0
L 9.5931863 38.08627638 9.5931863 38.59427638 0 P 0
L 10.25800082 1.49200108 10.25800082 2.50800108 0 P 0
