UNITS=MM
#Layer_Color=32768
#
#Feature symbol names
#
$0 r127

#
#Feature attribute names
#

#
#Layer features
#
L -0.09200388 28.99000044 -0.09200134 31.59000794 0 P 0
L -0.64435228 36.0969941 2.24986342 36.09700172 0 P 0
L -0.64435736 37.43700666 -0.64435228 36.0969941 0 P 0
L -0.64435736 37.43700666 2.24987612 37.43699142 0 P 0
L -1.04600248 25.93699664 1.5539974 25.93700172 0 P 0
L -1.04600502 27.27699396 -1.04600248 25.93699664 0 P 0
L -1.04600502 27.27699396 1.55399486 27.2770092 0 P 0
L -1.24618242 27.41980038 -1.24617226 25.64179784 0 P 0
L -1.43199358 28.98999536 -0.09200388 28.99000044 0 P 0
L -1.43201136 31.59000794 -0.09200134 31.59000794 0 P 0
L -1.43201136 31.59000794 -1.43199358 28.98999536 0 P 0
L -1.51436324 37.78299784 2.27190046 37.78299784 0 P 0
L -1.51436578 40.83099276 -1.51436324 37.78299784 0 P 0
L -1.51436578 40.83099276 2.27189538 40.83100292 0 P 0
L -1.67164766 33.1359383 -1.67164258 28.96920038 0 P 0
L -2.24463864 35.0664653 -2.24463102 33.72647052 0 P 0
L -2.58785614 35.86677358 -2.5878536 42.12940012 0 P 0
L -4.22070276 7.86995632 -4.22070276 22.1293944 0 P 0
L -4.70314274 33.13594084 -1.67164766 33.1359383 0 P 0
L -4.70314528 28.969208 -1.67164258 28.96920038 0 P 0
L -4.70314528 28.969208 -4.70314274 33.13594084 0 P 0
L -4.9037875 25.64179276 -1.24617226 25.64179784 0 P 0
L -4.9037875 25.64179276 -4.9037875 27.419808 0 P 0
L -4.9037875 27.419808 -1.24618242 27.41980038 0 P 0
L -5.04500388 31.73987556 -5.04499626 28.84565224 0 P 0
L -5.13884418 33.72648322 -2.24463102 33.72647052 0 P 0
L -5.1388518 35.06647292 -2.24463864 35.0664653 0 P 0
L -5.1388518 35.06647292 -5.13884418 33.72648322 0 P 0
L -6.38500628 28.84565732 -5.04499626 28.84565224 0 P 0
L -6.38500882 31.73987556 -5.04500388 31.73987556 0 P 0
L -6.38500882 31.73987556 -6.38500628 28.84565732 0 P 0
L -7.30400622 42.17000202 -7.30400622 48.37000232 0 P 0
L -7.30400622 48.37000232 10.69599334 48.36999978 0 P 0
L -7.59038868 7.47929924 0.68211954 7.4792967 0 P 0
L -7.59039376 -2.13515194 -7.59038868 7.47929924 0 P 0
L -7.59039376 -2.13515194 0.68212208 -2.13515956 0 P 0
L -7.97300412 22.23500252 11.33099334 22.23499998 0 P 0
L -7.97300666 42.28700204 -7.97300412 22.23500252 0 P 0
L -7.97300666 42.28700204 11.33099588 42.2869995 0 P 0
L -8.57089472 24.23420604 -8.57089218 31.991808 0 P 0
L -11.23833668 31.99181308 -8.5746209 31.99181054 0 P 0
L -11.23834176 24.23421112 -8.58145096 24.2342035 0 P 0
L -11.23834176 24.23421112 -11.23833668 31.99181308 0 P 0
L -11.87929806 42.1293925 -2.5878536 42.12940012 0 P 0
L -11.87930314 35.86677358 -2.58785614 35.86677358 0 P 0
L -11.87930314 35.86677358 -11.87929806 42.1293925 0 P 0
L -13.88253764 7.86995632 -4.22070276 7.86995632 0 P 0
L -13.88253764 7.86995632 -13.88253764 22.1293944 0 P 0
L -13.88253764 22.1293944 -4.22070276 22.1293944 0 P 0
L 0.68211954 7.4792967 0.68212208 -2.13515956 0 P 0
L 1.33160008 -1.8121503 1.33160262 7.47929162 0 P 0
L 1.33160008 -1.8121503 7.59422662 -1.8121503 0 P 0
L 1.33160262 7.47929162 7.59422154 7.47929416 0 P 0
L 1.55399486 27.2770092 1.5539974 25.93700172 0 P 0
L 1.8939891 28.1380057 1.89399418 25.8380103 0 P 0
L 1.8939891 28.1380057 5.64399938 28.13800824 0 P 0
L 1.89399418 25.8380103 5.6439816 25.83800014 0 P 0
L 2.24986342 36.09700172 2.24987612 37.43699142 0 P 0
L 2.27189538 40.83100292 2.27190046 37.78299784 0 P 0
L 2.63199118 40.75134598 2.63199626 37.85711758 0 P 0
L 2.63199118 40.75134598 3.97201136 40.75134598 0 P 0
L 2.63199626 37.85711758 3.97199358 37.85713282 0 P 0
L 3.97199358 37.85713282 3.97201136 40.75134598 0 P 0
L 4.21669972 7.87060656 4.21669972 22.13004464 0 P 0
L 4.21669972 7.87060656 13.8785346 7.87060656 0 P 0
L 4.21669972 22.13004464 13.8785346 22.13004464 0 P 0
L 4.81499926 38.4504311 4.81499926 41.94563366 0 P 0
L 4.81499926 38.4504311 6.61500074 38.4504311 0 P 0
L 4.81499926 41.94563366 6.61500074 41.94563366 0 P 0
L 5.6439816 25.83800014 5.64399938 28.13800824 0 P 0
L 5.70399672 32.79756458 5.70399926 29.30235948 0 P 0
L 5.70399672 32.79756458 7.50400582 32.79756458 0 P 0
L 5.70399926 29.30235948 7.50399058 29.30237472 0 P 0
L 5.93399372 32.92699282 5.93399626 35.5270054 0 P 0
L 5.93399372 32.92699282 7.27401136 32.92700552 0 P 0
L 5.93399626 35.5270054 7.2740012 35.5270054 0 P 0
L 6.61500074 38.4504311 6.61500074 41.94563366 0 P 0
L 6.8229988 38.87865478 6.8229988 41.77287302 0 P 0
L 6.8229988 38.87865478 8.1630012 38.87865478 0 P 0
L 6.8229988 41.77287302 8.1630012 41.77287302 0 P 0
L 7.2740012 35.5270054 7.27401136 32.92700552 0 P 0
L 7.50399058 29.30237472 7.50400582 32.79756458 0 P 0
L 7.59422154 7.47929416 7.59422662 -1.8121503 0 P 0
L 8.1630012 38.87865478 8.1630012 41.77287302 0 P 0
L 10.69599334 42.16999948 10.69599334 48.36999978 0 P 0
L 11.33099334 22.23499998 11.33099588 42.2869995 0 P 0
L 13.8785346 7.87060656 13.8785346 22.13004464 0 P 0
