UNITS=MM
#Layer_Color=32768
#
#Feature symbol names
#
$0 r127
$1 r99.9998

#
#Feature attribute names
#

#
#Layer features
#
L 1.96699886 12.03500006 1.96699886 14.63499994 1 P 0
L 1.96699886 12.03500006 3.36700114 12.03500006 1 P 0
L 1.96699886 14.63499994 3.36700114 14.63499994 1 P 0
L 1.96699886 14.95600006 1.96699886 17.55599994 1 P 0
L 1.96699886 14.95600006 3.36700114 14.95600006 1 P 0
L 1.96699886 17.55599994 3.36700114 17.55599994 1 P 0
L 3.36700114 12.03500006 3.36700114 14.63499994 1 P 0
L 3.36700114 14.95600006 3.36700114 17.55599994 1 P 0
L 4.20299642 12.573 4.20299642 18.034 0 P 0
L 4.20299642 12.573 11.31499642 12.573 0 P 0
L 4.20299642 18.034 11.31499642 18.034 0 P 0
L 5.01080024 10.0584 5.01080024 12.2936 0 P 0
L 5.01080024 10.0584 9.98920024 10.0584 0 P 0
L 5.01080024 12.2936 9.98920024 12.2936 0 P 0
L 6.57400006 7.04699886 6.57400006 8.44700114 1 P 0
L 6.57400006 7.04699886 9.17399994 7.04699886 1 P 0
L 6.57400006 8.44700114 9.17399994 8.44700114 1 P 0
L 6.57400006 8.57099886 6.57400006 9.97100114 1 P 0
L 6.57400006 8.57099886 9.17399994 8.57099886 1 P 0
L 6.57400006 9.97100114 9.17399994 9.97100114 1 P 0
L 6.82800006 22.92199886 6.82800006 24.32200114 1 P 0
L 6.82800006 22.92199886 9.42799994 22.92199886 1 P 0
L 6.82800006 24.32200114 9.42799994 24.32200114 1 P 0
L 8.2357976 18.6182 8.2357976 19.9898 0 P 0
L 8.2357976 18.6182 11.1821976 18.6182 0 P 0
L 8.2357976 19.9898 11.1821976 19.9898 0 P 0
L 8.2357976 21.31419918 8.2357976 22.68579918 0 P 0
L 8.2357976 21.31419918 11.1821976 21.31419918 0 P 0
L 8.2357976 22.68579918 11.1821976 22.68579918 0 P 0
L 9.17399994 7.04699886 9.17399994 8.44700114 1 P 0
L 9.17399994 8.57099886 9.17399994 9.97100114 1 P 0
L 9.42799994 22.92199886 9.42799994 24.32200114 1 P 0
L 9.98920024 10.0584 9.98920024 12.2936 0 P 0
L 11.1821976 18.6182 11.1821976 19.9898 0 P 0
L 11.1821976 21.31419918 11.1821976 22.68579918 0 P 0
L 11.31499642 12.573 11.31499642 18.034 0 P 0
