UNITS=MM
#Layer_Color=9474304
#
#Feature symbol names
#
$0 r169.33164
$1 r127

#
#Feature attribute names
#

#
#Layer features
#
A 7.62 17.145 7.62 17.145 7.112 17.145 0 P 0 N
A 8.00800024 3.73400066 8.00800024 3.73400066 7.50000024 3.73400066 0 P 0 N
A 8.00800024 24.003 8.00800024 24.003 7.50000024 24.003 0 P 0 N
A 12.50799886 12.5000004 12.50799886 12.5000004 11.99999886 12.5000004 0 P 0 N
L 1.09199934 1.09199934 1.09199934 2.10799934 1 P 0
L 1.09199934 1.09199934 2.10799934 1.09199934 1 P 0
L 1.09199934 2.10799934 2.10799934 2.10799934 1 P 0
L 1.09199934 27.89199908 1.09199934 28.90799908 1 P 0
L 1.09199934 27.89199908 2.10799934 27.89199908 1 P 0
L 1.09199934 28.90799908 2.10799934 28.90799908 1 P 0
L 2.10799934 1.09199934 2.10799934 2.10799934 1 P 0
L 2.10799934 27.89199908 2.10799934 28.90799908 1 P 0
L 12.89200114 1.09199934 12.89200114 2.10799934 1 P 0
L 12.89200114 1.09199934 13.90800114 1.09199934 1 P 0
L 12.89200114 2.10799934 13.90800114 2.10799934 1 P 0
L 12.89200114 27.89199908 12.89200114 28.90799908 1 P 0
L 12.89200114 27.89199908 13.90800114 27.89199908 1 P 0
L 12.89200114 28.90799908 13.90800114 28.90799908 1 P 0
L 13.90800114 1.09199934 13.90800114 2.10799934 1 P 0
L 13.90800114 27.89199908 13.90800114 28.90799908 1 P 0
L 14.49200048 9.74600032 14.74600048 9.74600032 1 P 0
L 14.49200048 9.74600032 14.74600048 10.00000032 1 P 0
L 14.49200048 10.25400032 14.74600048 10.00000032 1 P 0
L 14.49200048 10.25400032 14.74600048 10.25400032 1 P 0
L 14.49200048 13.24600094 14.74600048 13.24600094 1 P 0
L 14.49200048 13.24600094 14.74600048 13.50000094 1 P 0
L 14.49200048 13.75400094 14.74600048 13.50000094 1 P 0
L 14.49200048 13.75400094 14.74600048 13.75400094 1 P 0
L 14.49200048 16.24600002 14.74600048 16.24600002 1 P 0
L 14.49200048 16.24600002 14.74600048 16.50000002 1 P 0
L 14.49200048 16.75400002 14.74600048 16.50000002 1 P 0
L 14.49200048 16.75400002 14.74600048 16.75400002 1 P 0
L 14.74600048 9.74600032 15.00000048 9.49200032 1 P 0
L 14.74600048 10.25400032 15.00000048 10.50800032 1 P 0
L 14.74600048 13.24600094 15.00000048 12.99200094 1 P 0
L 14.74600048 13.75400094 15.00000048 14.00800094 1 P 0
L 14.74600048 16.24600002 15.00000048 15.99200002 1 P 0
L 14.74600048 16.75400002 15.00000048 17.00800002 1 P 0
L 15.00000048 9.49200032 15.25400048 9.74600032 1 P 0
L 15.00000048 10.50800032 15.25400048 10.25400032 1 P 0
L 15.00000048 12.99200094 15.25400048 13.24600094 1 P 0
L 15.00000048 14.00800094 15.25400048 13.75400094 1 P 0
L 15.00000048 15.99200002 15.25400048 16.24600002 1 P 0
L 15.00000048 17.00800002 15.25400048 16.75400002 1 P 0
L 15.25400048 9.74600032 15.50800048 9.74600032 1 P 0
L 15.25400048 10.00000032 15.50800048 9.74600032 1 P 0
L 15.25400048 10.00000032 15.50800048 10.25400032 1 P 0
L 15.25400048 10.25400032 15.50800048 10.25400032 1 P 0
L 15.25400048 13.24600094 15.50800048 13.24600094 1 P 0
L 15.25400048 13.50000094 15.50800048 13.24600094 1 P 0
L 15.25400048 13.50000094 15.50800048 13.75400094 1 P 0
L 15.25400048 13.75400094 15.50800048 13.75400094 1 P 0
L 15.25400048 16.24600002 15.50800048 16.24600002 1 P 0
L 15.25400048 16.50000002 15.50800048 16.24600002 1 P 0
L 15.25400048 16.50000002 15.50800048 16.75400002 1 P 0
L 15.25400048 16.75400002 15.50800048 16.75400002 1 P 0
