UNITS=MM
#Layer_Color=32768
#
#Feature symbol names
#
$0 r127
$1 r254

#
#Feature attribute names
#

#
#Layer features
#
L -1.71207938 16.17539564 9.45254142 16.17539564 1 P 0
L -1.71208192 34.82793644 -1.71207938 16.17539564 1 P 0
L -1.71208192 34.82793644 9.45254142 34.82793644 1 P 0
L 0.2032 11.66765764 0.2032 14.3313658 0 P 0
L 0.2032 11.66765764 7.96080704 11.66765764 0 P 0
L 0.2032 14.33510468 7.96080704 14.33510468 0 P 0
L 0.4318 6.4262 0.4318 10.0838 0 P 0
L 0.4318 6.4262 2.2098 6.4262 0 P 0
L 0.4318 10.0838 2.2098 10.0838 0 P 0
L 2.2098 6.4262 2.2098 10.0838 0 P 0
L 2.6319988 7.00000124 2.6319988 9.60000112 0 P 0
L 2.6319988 7.00000124 3.9720012 7.00000124 0 P 0
L 2.6319988 9.60000112 3.9720012 9.60000112 0 P 0
L 3.9720012 7.00000124 3.9720012 9.60000112 0 P 0
L 4.1559988 7.00000124 4.1559988 9.60000112 0 P 0
L 4.1559988 7.00000124 5.4960012 7.00000124 0 P 0
L 4.1559988 9.60000112 5.4960012 9.60000112 0 P 0
L 4.87060494 0.22070314 4.87060494 9.51214506 0 P 0
L 4.87060494 0.22070314 11.13322894 0.22070314 0 P 0
L 4.87060494 9.51214506 11.13322894 9.51214506 0 P 0
L 5.33099772 39.78700196 5.33100026 19.73500244 0 P 0
L 5.33099772 39.78700196 24.63500026 39.78699942 0 P 0
L 5.33100026 19.73500244 24.63499772 19.7349999 0 P 0
L 5.36399994 37.45799976 5.36399994 39.75800024 0 P 0
L 5.36399994 37.45799976 9.11400006 37.45799976 0 P 0
L 5.36399994 39.75800024 9.11400006 39.75800024 0 P 0
L 5.4960012 7.00000124 5.4960012 9.60000112 0 P 0
L 5.98964512 5.53606208 5.98964512 9.7028 0 P 0
L 5.98964512 5.53606208 9.02114528 5.53606208 0 P 0
L 5.98964512 9.7028 9.02114528 9.7028 0 P 0
L 5.99999816 39.67000194 5.99999816 45.87000224 0 P 0
L 5.99999816 45.87000224 23.99999772 45.8699997 0 P 0
L 6.55112736 3.3939988 6.55112736 4.7340012 0 P 0
L 6.55112736 3.3939988 9.4453456 3.3939988 0 P 0
L 6.55112736 4.7340012 9.4453456 4.7340012 0 P 0
L 7.96080704 11.66765764 7.96080704 14.32453828 0 P 0
L 9.02114528 5.53606208 9.02114528 9.7028 0 P 0
L 9.11400006 37.45799976 9.11400006 39.75800024 0 P 0
L 9.3629988 6.7701287 9.3629988 9.66434694 0 P 0
L 9.3629988 6.7701287 10.7030012 6.7701287 0 P 0
L 9.3629988 9.66434694 10.7030012 9.66434694 0 P 0
L 9.4453456 3.3939988 9.4453456 4.7340012 0 P 0
L 9.45254142 16.17539564 9.45254142 34.82793644 1 P 0
L 10.6329988 15.59100006 10.6329988 18.19099994 0 P 0
L 10.6329988 15.59100006 11.9730012 15.59100006 0 P 0
L 10.6329988 18.19099994 11.9730012 18.19099994 0 P 0
L 10.7030012 6.7701287 10.7030012 9.66434694 0 P 0
L 11.13322894 0.22070314 11.13322894 9.51214506 0 P 0
L 11.72842968 37.4799987 11.72842968 39.28000018 0 P 0
L 11.72842968 37.4799987 15.22363224 37.4799987 0 P 0
L 11.72842968 39.28000018 15.22363224 39.28000018 0 P 0
L 11.94886358 11.74859728 11.94886358 15.24379984 0 P 0
L 11.94886358 11.74859728 13.74886506 11.74859728 0 P 0
L 11.94886358 15.24379984 13.74886506 15.24379984 0 P 0
L 11.9730012 15.59100006 11.9730012 18.19099994 0 P 0
L 12.1569988 15.59100006 12.1569988 18.19099994 0 P 0
L 12.1569988 15.59100006 13.4970012 15.59100006 0 P 0
L 12.1569988 18.19099994 13.4970012 18.19099994 0 P 0
L 12.17399902 35.7789988 12.17399902 37.1190012 0 P 0
L 12.17399902 35.7789988 14.7739989 35.7789988 0 P 0
L 12.17399902 37.1190012 14.7739989 37.1190012 0 P 0
L 12.2839988 5.1596544 12.2839988 8.05387264 0 P 0
L 12.2839988 5.1596544 13.6240012 5.1596544 0 P 0
L 12.2839988 8.05387264 13.6240012 8.05387264 0 P 0
L 13.4970012 15.59100006 13.4970012 18.19099994 0 P 0
L 13.6240012 5.1596544 13.6240012 8.05387264 0 P 0
L 13.74886506 11.74859728 13.74886506 15.24379984 0 P 0
L 13.97 4.58117956 13.97 8.3674458 0 P 0
L 13.97 4.58117956 17.018 4.58117956 0 P 0
L 13.97 8.3674458 17.018 8.3674458 0 P 0
L 14.02399532 12.28900006 14.02399532 14.88899994 0 P 0
L 14.02399532 12.28900006 15.36399772 12.28900006 0 P 0
L 14.02399532 14.88899994 15.36399772 14.88899994 0 P 0
L 14.04412736 8.6009988 14.04412736 9.9410012 0 P 0
L 14.04412736 8.6009988 16.9383456 8.6009988 0 P 0
L 14.04412736 9.9410012 16.9383456 9.9410012 0 P 0
L 14.7739989 35.7789988 14.7739989 37.1190012 0 P 0
L 15.22363224 37.4799987 15.22363224 39.28000018 0 P 0
L 15.36399772 12.28900006 15.36399772 14.88899994 0 P 0
L 15.6239972 12.28900006 15.6239972 14.88899994 0 P 0
L 15.6239972 12.28900006 16.9639996 12.28900006 0 P 0
L 15.6239972 14.88899994 16.9639996 14.88899994 0 P 0
L 16.66660624 -2.03915264 16.66660624 7.575296 0 P 0
L 16.66660624 -2.03915264 24.93912208 -2.03915264 0 P 0
L 16.66660624 7.575296 24.93912208 7.575296 0 P 0
L 16.9383456 8.6009988 16.9383456 9.9410012 0 P 0
L 16.9639996 12.28900006 16.9639996 14.88899994 0 P 0
L 17.018 4.58117956 17.018 8.3674458 0 P 0
L 17.4909988 36.1476544 17.4909988 39.04187264 0 P 0
L 17.4909988 36.1476544 18.8310012 36.1476544 0 P 0
L 17.4909988 39.04187264 18.8310012 39.04187264 0 P 0
L 18.8310012 36.1476544 18.8310012 39.04187264 0 P 0
L 19.29299926 35.63442962 19.29299926 39.12963218 0 P 0
L 19.29299926 35.63442962 21.09300074 35.63442962 0 P 0
L 19.29299926 39.12963218 21.09300074 39.12963218 0 P 0
L 19.3802 10.98665824 19.3802 13.6503664 0 P 0
L 19.3802 10.98665824 29.6672 10.98665824 0 P 0
L 19.3802 13.65410528 29.6672 13.65410528 0 P 0
L 20.16300006 13.8079988 20.16300006 15.1480012 0 P 0
L 20.16300006 13.8079988 22.76299994 13.8079988 0 P 0
L 20.16300006 15.1480012 22.76299994 15.1480012 0 P 0
L 20.54745954 16.17206316 20.54745954 34.82460396 1 P 0
L 20.54745954 16.17206316 31.71208288 16.17206316 1 P 0
L 20.54745954 34.82460396 31.71208034 34.82460396 1 P 0
L 21.09300074 35.63442962 21.09300074 39.12963218 0 P 0
L 21.19099902 9.3629988 21.19099902 10.7030012 0 P 0
L 21.19099902 9.3629988 23.7909989 9.3629988 0 P 0
L 21.19099902 10.7030012 23.7909989 10.7030012 0 P 0
L 22.76299994 13.8079988 22.76299994 15.1480012 0 P 0
L 23.7909989 9.3629988 23.7909989 10.7030012 0 P 0
L 23.99999772 39.6699994 23.99999772 45.8699997 0 P 0
L 24.63499772 19.7349999 24.63500026 39.78699942 0 P 0
L 24.93912208 -2.03915264 24.93912208 7.575296 0 P 0
L 25.2310011 13.8079988 25.2310011 15.1480012 0 P 0
L 25.2310011 13.8079988 27.83100098 13.8079988 0 P 0
L 25.2310011 15.1480012 27.83100098 15.1480012 0 P 0
L 26.27099902 9.3629988 26.27099902 10.7030012 0 P 0
L 26.27099902 9.3629988 28.8709989 9.3629988 0 P 0
L 26.27099902 10.7030012 28.8709989 10.7030012 0 P 0
L 27.83100098 13.8079988 27.83100098 15.1480012 0 P 0
L 28.8709989 9.3629988 28.8709989 10.7030012 0 P 0
L 29.6672 10.98665824 29.6672 13.65410528 0 P 0
L 31.71208034 34.82460396 31.71208288 16.17206316 1 P 0
