UNITS=MM
#Layer_Color=9474304
#
#Feature symbol names
#
$0 r169.33164
$1 r127

#
#Feature attribute names
#

#
#Layer features
#
A -0.82700114 22.49999564 -0.82700114 22.49999564 -1.33500114 22.49999564 0 P 0 N
A -2.09700114 7.50000024 -2.09700114 7.50000024 -2.60500114 7.50000024 0 P 0 N
L -5.3920009 1.09199934 -5.3920009 2.10799934 1 P 0
L -5.3920009 27.89199908 -5.3920009 28.90799908 1 P 0
L -6.0000007 4.59199996 -5.4920007 5.60799996 1 P 0
L -6.0000007 4.89199936 -5.4920007 5.90799936 1 P 0
L -6.0000007 12.6419991 -5.4920007 13.6579991 1 P 0
L -6.0000007 12.9419985 -5.4920007 13.9579985 1 P 0
L -6.0000007 16.04199992 -5.4920007 17.05799992 1 P 0
L -6.0000007 16.34199932 -5.4920007 17.35799932 1 P 0
L -6.32474478 4.59199996 -5.81674478 5.60799996 1 P 0
L -6.32474478 4.89199936 -5.81674478 5.90799936 1 P 0
L -6.32474478 12.6419991 -5.81674478 13.6579991 1 P 0
L -6.32474478 12.9419985 -5.81674478 13.9579985 1 P 0
L -6.32474478 16.04199992 -5.81674478 17.05799992 1 P 0
L -6.32474478 16.34199932 -5.81674478 17.35799932 1 P 0
L -6.4080009 1.09199934 -5.3920009 1.09199934 1 P 0
L -6.4080009 1.09199934 -6.4080009 2.10799934 1 P 0
L -6.4080009 2.10799934 -5.3920009 2.10799934 1 P 0
L -6.4080009 27.89199908 -5.3920009 27.89199908 1 P 0
L -6.4080009 27.89199908 -6.4080009 28.90799908 1 P 0
L -6.4080009 28.90799908 -5.3920009 28.90799908 1 P 0
L -6.5080007 5.60799996 -5.4920007 5.60799996 1 P 0
L -6.5080007 5.60799996 -6.0000007 4.59199996 1 P 0
L -6.5080007 5.90799936 -5.4920007 5.90799936 1 P 0
L -6.5080007 5.90799936 -6.0000007 4.89199936 1 P 0
L -6.5080007 13.6579991 -5.4920007 13.6579991 1 P 0
L -6.5080007 13.6579991 -6.0000007 12.6419991 1 P 0
L -6.5080007 13.9579985 -5.4920007 13.9579985 1 P 0
L -6.5080007 13.9579985 -6.0000007 12.9419985 1 P 0
L -6.5080007 17.05799992 -5.4920007 17.05799992 1 P 0
L -6.5080007 17.05799992 -6.0000007 16.04199992 1 P 0
L -6.5080007 17.35799932 -5.4920007 17.35799932 1 P 0
L -6.5080007 17.35799932 -6.0000007 16.34199932 1 P 0
L -6.83274478 5.60799996 -5.81674478 5.60799996 1 P 0
L -6.83274478 5.60799996 -6.32474478 4.59199996 1 P 0
L -6.83274478 5.90799936 -5.81674478 5.90799936 1 P 0
L -6.83274478 5.90799936 -6.32474478 4.89199936 1 P 0
L -6.83274478 13.6579991 -5.81674478 13.6579991 1 P 0
L -6.83274478 13.6579991 -6.32474478 12.6419991 1 P 0
L -6.83274478 13.9579985 -5.81674478 13.9579985 1 P 0
L -6.83274478 13.9579985 -6.32474478 12.9419985 1 P 0
L -6.83274478 17.05799992 -5.81674478 17.05799992 1 P 0
L -6.83274478 17.05799992 -6.32474478 16.04199992 1 P 0
L -6.83274478 17.35799932 -5.81674478 17.35799932 1 P 0
L -6.83274478 17.35799932 -6.32474478 16.34199932 1 P 0
L 5.3920009 1.09199934 5.3920009 2.10799934 1 P 0
L 5.3920009 1.09199934 6.4080009 1.09199934 1 P 0
L 5.3920009 2.10799934 6.4080009 2.10799934 1 P 0
L 5.3920009 27.89199908 5.3920009 28.90799908 1 P 0
L 5.3920009 27.89199908 6.4080009 27.89199908 1 P 0
L 5.3920009 28.90799908 6.4080009 28.90799908 1 P 0
L 5.469001 5.60799996 5.977001 4.59199996 1 P 0
L 5.469001 5.60799996 6.485001 5.60799996 1 P 0
L 5.469001 5.90799936 5.977001 4.89199936 1 P 0
L 5.469001 5.90799936 6.485001 5.90799936 1 P 0
L 5.469001 13.6579991 5.977001 12.6419991 1 P 0
L 5.469001 13.6579991 6.485001 13.6579991 1 P 0
L 5.469001 13.9579985 5.977001 12.9419985 1 P 0
L 5.469001 13.9579985 6.485001 13.9579985 1 P 0
L 5.469001 17.05799992 5.977001 16.04199992 1 P 0
L 5.469001 17.05799992 6.485001 17.05799992 1 P 0
L 5.469001 17.35799932 5.977001 16.34199932 1 P 0
L 5.469001 17.35799932 6.485001 17.35799932 1 P 0
L 5.79374508 5.60799996 6.30174508 4.59199996 1 P 0
L 5.79374508 5.60799996 6.80974508 5.60799996 1 P 0
L 5.79374508 5.90799936 6.30174508 4.89199936 1 P 0
L 5.79374508 5.90799936 6.80974508 5.90799936 1 P 0
L 5.79374508 13.6579991 6.30174508 12.6419991 1 P 0
L 5.79374508 13.6579991 6.80974508 13.6579991 1 P 0
L 5.79374508 13.9579985 6.30174508 12.9419985 1 P 0
L 5.79374508 13.9579985 6.80974508 13.9579985 1 P 0
L 5.79374508 17.05799992 6.30174508 16.04199992 1 P 0
L 5.79374508 17.05799992 6.80974508 17.05799992 1 P 0
L 5.79374508 17.35799932 6.30174508 16.34199932 1 P 0
L 5.79374508 17.35799932 6.80974508 17.35799932 1 P 0
L 5.977001 4.59199996 6.485001 5.60799996 1 P 0
L 5.977001 4.89199936 6.485001 5.90799936 1 P 0
L 5.977001 12.6419991 6.485001 13.6579991 1 P 0
L 5.977001 12.9419985 6.485001 13.9579985 1 P 0
L 5.977001 16.04199992 6.485001 17.05799992 1 P 0
L 5.977001 16.34199932 6.485001 17.35799932 1 P 0
L 6.30174508 4.59199996 6.80974508 5.60799996 1 P 0
L 6.30174508 4.89199936 6.80974508 5.90799936 1 P 0
L 6.30174508 12.6419991 6.80974508 13.6579991 1 P 0
L 6.30174508 12.9419985 6.80974508 13.9579985 1 P 0
L 6.30174508 16.04199992 6.80974508 17.05799992 1 P 0
L 6.30174508 16.34199932 6.80974508 17.35799932 1 P 0
L 6.4080009 1.09199934 6.4080009 2.10799934 1 P 0
L 6.4080009 27.89199908 6.4080009 28.90799908 1 P 0
