UNITS=MM
#Layer_Color=9474304
#
#Feature symbol names
#
$0 r127
$1 r169.33164

#
#Feature attribute names
#

#
#Layer features
#
A 15.50799794 29.1600001 15.50799794 29.1600001 14.99999794 29.1600001 1 P 0 N
A 15.50799794 30.65999964 15.50799794 30.65999964 14.99999794 30.65999964 1 P 0 N
A 15.50799794 32.16699688 15.50799794 32.16699688 14.99999794 32.16699688 1 P 0 N
A 17.00799748 29.1600001 17.00799748 29.1600001 16.49999748 29.1600001 1 P 0 N
A 17.00799748 30.65999964 17.00799748 30.65999964 16.49999748 30.65999964 1 P 0 N
A 17.00799748 32.16699688 17.00799748 32.16699688 16.49999748 32.16699688 1 P 0 N
A 18.50799702 29.1600001 18.50799702 29.1600001 17.99999702 29.1600001 1 P 0 N
A 18.50799702 30.65999964 18.50799702 30.65999964 17.99999702 30.65999964 1 P 0 N
A 18.50799702 32.16699688 18.50799702 32.16699688 17.99999702 32.16699688 1 P 0 N
L 1.016 13.5079994 1.524 12.4919994 0 P 0
L 1.016 13.5079994 2.032 13.5079994 0 P 0
L 1.524 12.4919994 2.032 13.5079994 0 P 0
L 1.99200008 1.99200008 1.99200008 3.00800008 0 P 0
L 1.99200008 1.99200008 3.00800008 1.99200008 0 P 0
L 1.99200008 3.00800008 3.00800008 3.00800008 0 P 0
L 1.99200008 36.9920012 1.99200008 38.0080012 0 P 0
L 1.99200008 36.9920012 3.00800008 36.9920012 0 P 0
L 1.99200008 38.0080012 3.00800008 38.0080012 0 P 0
L 3.00800008 1.99200008 3.00800008 3.00800008 0 P 0
L 3.00800008 36.9920012 3.00800008 38.0080012 0 P 0
L 3.429 23.10046688 3.429 23.60846688 0 P 0
L 3.429 23.10046688 3.683 23.10046688 0 P 0
L 3.429 23.60846688 3.683 23.60846688 0 P 0
L 3.429 29.21 3.429 29.718 0 P 0
L 3.429 29.21 3.683 29.21 0 P 0
L 3.429 29.718 3.683 29.718 0 P 0
L 3.556 13.5079994 4.064 12.4919994 0 P 0
L 3.556 13.5079994 4.572 13.5079994 0 P 0
L 3.683 22.84646688 3.683 23.10046688 0 P 0
L 3.683 22.84646688 4.191 22.84646688 0 P 0
L 3.683 23.60846688 3.683 23.86246688 0 P 0
L 3.683 23.86246688 4.191 23.86246688 0 P 0
L 3.683 28.956 3.683 29.21 0 P 0
L 3.683 28.956 4.191 28.956 0 P 0
L 3.683 29.718 3.683 29.972 0 P 0
L 3.683 29.972 4.191 29.972 0 P 0
L 4.064 12.4919994 4.572 13.5079994 0 P 0
L 4.191 22.84646688 4.191 23.10046688 0 P 0
L 4.191 23.10046688 4.445 23.10046688 0 P 0
L 4.191 23.60846688 4.191 23.86246688 0 P 0
L 4.191 23.60846688 4.445 23.60846688 0 P 0
L 4.191 28.956 4.191 29.21 0 P 0
L 4.191 29.21 4.445 29.21 0 P 0
L 4.191 29.718 4.191 29.972 0 P 0
L 4.191 29.718 4.445 29.718 0 P 0
L 4.445 23.10046688 4.445 23.60846688 0 P 0
L 4.445 29.21 4.445 29.718 0 P 0
L 6.096 13.5079994 6.604 12.4919994 0 P 0
L 6.096 13.5079994 7.112 13.5079994 0 P 0
L 6.4919987 2.20799914 6.9999987 1.19199914 0 P 0
L 6.4919987 2.20799914 7.5079987 2.20799914 0 P 0
L 6.604 12.4919994 7.112 13.5079994 0 P 0
L 6.9999987 1.19199914 7.5079987 2.20799914 0 P 0
L 7.493 15.875 7.493 16.383 0 P 0
L 7.493 15.875 7.747 15.875 0 P 0
L 7.493 16.383 7.747 16.383 0 P 0
L 7.747 15.621 7.747 15.875 0 P 0
L 7.747 15.621 8.255 15.621 0 P 0
L 7.747 16.383 7.747 16.637 0 P 0
L 7.747 16.637 8.255 16.637 0 P 0
L 8.255 15.621 8.255 15.875 0 P 0
L 8.255 15.875 8.509 15.875 0 P 0
L 8.255 16.383 8.255 16.637 0 P 0
L 8.255 16.383 8.509 16.383 0 P 0
L 8.49199978 2.20799914 8.99999978 1.19199914 0 P 0
L 8.49199978 2.20799914 9.50799978 2.20799914 0 P 0
L 8.509 15.875 8.509 16.383 0 P 0
L 8.99999978 1.19199914 9.50799978 2.20799914 0 P 0
L 9.49244736 21.91209232 9.49244736 22.42009232 0 P 0
L 9.49244736 21.91209232 9.74644736 21.91209232 0 P 0
L 9.49244736 22.42009232 9.74644736 22.42009232 0 P 0
L 9.74644736 21.65809232 9.74644736 21.91209232 0 P 0
L 9.74644736 21.65809232 10.25444736 21.65809232 0 P 0
L 9.74644736 22.42009232 9.74644736 22.67409232 0 P 0
L 9.74644736 22.67409232 10.25444736 22.67409232 0 P 0
L 9.906 29.21 9.906 29.718 0 P 0
L 9.906 29.21 10.16 29.21 0 P 0
L 9.906 29.718 10.16 29.718 0 P 0
L 10.16 28.956 10.16 29.21 0 P 0
L 10.16 28.956 10.668 28.956 0 P 0
L 10.16 29.718 10.16 29.972 0 P 0
L 10.16 29.972 10.668 29.972 0 P 0
L 10.25444736 21.65809232 10.25444736 21.91209232 0 P 0
L 10.25444736 21.91209232 10.50844736 21.91209232 0 P 0
L 10.25444736 22.42009232 10.25444736 22.67409232 0 P 0
L 10.25444736 22.42009232 10.50844736 22.42009232 0 P 0
L 10.50844736 21.91209232 10.50844736 22.42009232 0 P 0
L 10.668 28.956 10.668 29.21 0 P 0
L 10.668 29.21 10.922 29.21 0 P 0
L 10.668 29.718 10.668 29.972 0 P 0
L 10.668 29.718 10.922 29.718 0 P 0
L 10.922 29.21 10.922 29.718 0 P 0
L 11.049 5.2960016 11.303 5.8040016 0 P 0
L 11.049 5.2960016 11.557 5.5500016 0 P 0
L 11.049 6.3120016 11.303 5.8040016 0 P 0
L 11.049 6.3120016 11.557 6.0580016 0 P 0
L 11.049 6.858 11.303 7.366 0 P 0
L 11.049 6.858 11.557 7.112 0 P 0
L 11.049 7.874 11.303 7.366 0 P 0
L 11.049 7.874 11.557 7.62 0 P 0
L 11.557 5.5500016 12.065 5.2960016 0 P 0
L 11.557 6.0580016 12.065 6.3120016 0 P 0
L 11.557 7.112 12.065 6.858 0 P 0
L 11.557 7.62 12.065 7.874 0 P 0
L 11.811 5.8040016 12.065 5.2960016 0 P 0
L 11.811 5.8040016 12.065 6.3120016 0 P 0
L 11.811 7.366 12.065 6.858 0 P 0
L 11.811 7.366 12.065 7.874 0 P 0
L 12.192 35.052 12.192 35.56 0 P 0
L 12.192 35.052 12.446 35.052 0 P 0
L 12.192 35.56 12.446 35.56 0 P 0
L 12.26287616 9.75335616 12.26287616 10.26135616 0 P 0
L 12.26287616 9.75335616 12.51687616 9.75335616 0 P 0
L 12.26287616 10.26135616 12.51687616 10.26135616 0 P 0
L 12.319 22.00972992 12.319 22.26372992 0 P 0
L 12.319 22.00972992 12.573 22.00972992 0 P 0
L 12.319 22.26372992 12.573 22.51772992 0 P 0
L 12.319 22.77172992 12.319 23.02572992 0 P 0
L 12.319 22.77172992 12.573 22.51772992 0 P 0
L 12.319 23.02572992 12.573 23.02572992 0 P 0
L 12.446 34.798 12.446 35.052 0 P 0
L 12.446 34.798 12.954 34.798 0 P 0
L 12.446 35.56 12.446 35.814 0 P 0
L 12.446 35.814 12.954 35.814 0 P 0
L 12.51687616 9.49935616 12.51687616 9.75335616 0 P 0
L 12.51687616 9.49935616 13.02487616 9.49935616 0 P 0
L 12.51687616 10.26135616 12.51687616 10.51535616 0 P 0
L 12.51687616 10.51535616 13.02487616 10.51535616 0 P 0
L 12.573 22.00972992 12.827 22.26372992 0 P 0
L 12.573 23.02572992 12.827 22.77172992 0 P 0
L 12.827 22.26372992 13.081 22.00972992 0 P 0
L 12.827 22.77172992 13.081 23.02572992 0 P 0
L 12.954 34.798 12.954 35.052 0 P 0
L 12.954 35.052 13.208 35.052 0 P 0
L 12.954 35.56 12.954 35.814 0 P 0
L 12.954 35.56 13.208 35.56 0 P 0
L 13.02487616 9.49935616 13.02487616 9.75335616 0 P 0
L 13.02487616 9.75335616 13.27887616 9.75335616 0 P 0
L 13.02487616 10.26135616 13.02487616 10.51535616 0 P 0
L 13.02487616 10.26135616 13.27887616 10.26135616 0 P 0
L 13.081 22.00972992 13.335 22.00972992 0 P 0
L 13.081 22.51772992 13.335 22.26372992 0 P 0
L 13.081 22.51772992 13.335 22.77172992 0 P 0
L 13.081 23.02572992 13.335 23.02572992 0 P 0
L 13.208 35.052 13.208 35.56 0 P 0
L 13.27887616 9.75335616 13.27887616 10.26135616 0 P 0
L 13.335 22.00972992 13.335 22.26372992 0 P 0
L 13.335 22.77172992 13.335 23.02572992 0 P 0
L 14.09968224 23.5401104 14.35368224 24.0481104 0 P 0
L 14.09968224 23.5401104 14.60768224 23.7941104 0 P 0
L 14.09968224 24.5561104 14.35368224 24.0481104 0 P 0
L 14.09968224 24.5561104 14.60768224 24.3021104 0 P 0
L 14.18599652 10.16 14.43999652 10.668 0 P 0
L 14.18599652 10.16 14.69399652 10.414 0 P 0
L 14.18599652 11.176 14.43999652 10.668 0 P 0
L 14.18599652 11.176 14.69399652 10.922 0 P 0
L 14.18599652 17.653 14.43999652 18.161 0 P 0
L 14.18599652 17.653 14.69399652 17.907 0 P 0
L 14.18599652 18.669 14.43999652 18.161 0 P 0
L 14.18599652 18.669 14.69399652 18.415 0 P 0
L 14.60768224 23.7941104 15.11568224 23.5401104 0 P 0
L 14.60768224 24.3021104 15.11568224 24.5561104 0 P 0
L 14.69399652 10.414 15.20199652 10.16 0 P 0
L 14.69399652 10.922 15.20199652 11.176 0 P 0
L 14.69399652 17.907 15.20199652 17.653 0 P 0
L 14.69399652 18.415 15.20199652 18.669 0 P 0
L 14.86168224 24.0481104 15.11568224 23.5401104 0 P 0
L 14.86168224 24.0481104 15.11568224 24.5561104 0 P 0
L 14.94799652 10.668 15.20199652 10.16 0 P 0
L 14.94799652 10.668 15.20199652 11.176 0 P 0
L 14.94799652 18.161 15.20199652 17.653 0 P 0
L 14.94799652 18.161 15.20199652 18.669 0 P 0
L 14.986 34.798 14.986 35.306 0 P 0
L 14.986 34.798 15.24 34.798 0 P 0
L 14.986 35.306 15.24 35.306 0 P 0
L 15.24 34.544 15.24 34.798 0 P 0
L 15.24 34.544 15.748 34.544 0 P 0
L 15.24 35.306 15.24 35.56 0 P 0
L 15.24 35.56 15.748 35.56 0 P 0
L 15.748 34.544 15.748 34.798 0 P 0
L 15.748 34.798 16.002 34.798 0 P 0
L 15.748 35.306 15.748 35.56 0 P 0
L 15.748 35.306 16.002 35.306 0 P 0
L 15.7859984 10.16 16.0399984 10.668 0 P 0
L 15.7859984 10.16 16.2939984 10.414 0 P 0
L 15.7859984 11.176 16.0399984 10.668 0 P 0
L 15.7859984 11.176 16.2939984 10.922 0 P 0
L 15.875 17.653 16.129 18.161 0 P 0
L 15.875 17.653 16.383 17.907 0 P 0
L 15.875 18.669 16.129 18.161 0 P 0
L 15.875 18.669 16.383 18.415 0 P 0
L 15.99199748 37.87199944 16.24599748 38.37999944 0 P 0
L 15.99199748 37.87199944 16.49999748 38.12599944 0 P 0
L 15.99199748 38.88799944 16.24599748 38.37999944 0 P 0
L 15.99199748 38.88799944 16.49999748 38.63399944 0 P 0
L 16.002 34.798 16.002 35.306 0 P 0
L 16.2939984 10.414 16.8019984 10.16 0 P 0
L 16.2939984 10.922 16.8019984 11.176 0 P 0
L 16.383 17.907 16.891 17.653 0 P 0
L 16.383 18.415 16.891 18.669 0 P 0
L 16.49999748 38.12599944 17.00799748 37.87199944 0 P 0
L 16.49999748 38.63399944 17.00799748 38.88799944 0 P 0
L 16.5479984 10.668 16.8019984 10.16 0 P 0
L 16.5479984 10.668 16.8019984 11.176 0 P 0
L 16.637 18.161 16.891 17.653 0 P 0
L 16.637 18.161 16.891 18.669 0 P 0
L 16.75399748 38.37999944 17.00799748 37.87199944 0 P 0
L 16.75399748 38.37999944 17.00799748 38.88799944 0 P 0
L 17.907 25.273 17.907 25.781 0 P 0
L 17.907 25.273 18.161 25.273 0 P 0
L 17.907 25.781 18.161 25.781 0 P 0
L 17.907 27.305 17.907 27.813 0 P 0
L 17.907 27.305 18.161 27.305 0 P 0
L 17.907 27.813 18.161 27.813 0 P 0
L 18.161 25.019 18.161 25.273 0 P 0
L 18.161 25.019 18.669 25.019 0 P 0
L 18.161 25.781 18.161 26.035 0 P 0
L 18.161 26.035 18.669 26.035 0 P 0
L 18.161 27.051 18.161 27.305 0 P 0
L 18.161 27.051 18.669 27.051 0 P 0
L 18.161 27.813 18.161 28.067 0 P 0
L 18.161 28.067 18.669 28.067 0 P 0
L 18.288 6.604 18.796 5.588 0 P 0
L 18.288 6.604 19.304 6.604 0 P 0
L 18.47868288 21.77312384 18.47868288 22.28112384 0 P 0
L 18.47868288 21.77312384 18.73268288 21.77312384 0 P 0
L 18.47868288 22.28112384 18.73268288 22.28112384 0 P 0
L 18.669 25.019 18.669 25.273 0 P 0
L 18.669 25.273 18.923 25.273 0 P 0
L 18.669 25.781 18.669 26.035 0 P 0
L 18.669 25.781 18.923 25.781 0 P 0
L 18.669 27.051 18.669 27.305 0 P 0
L 18.669 27.305 18.923 27.305 0 P 0
L 18.669 27.813 18.669 28.067 0 P 0
L 18.669 27.813 18.923 27.813 0 P 0
L 18.73268288 21.51912384 18.73268288 21.77312384 0 P 0
L 18.73268288 21.51912384 19.24068288 21.51912384 0 P 0
L 18.73268288 22.28112384 18.73268288 22.53512384 0 P 0
L 18.73268288 22.53512384 19.24068288 22.53512384 0 P 0
L 18.796 5.588 19.304 6.604 0 P 0
L 18.923 25.273 18.923 25.781 0 P 0
L 18.923 27.305 18.923 27.813 0 P 0
L 19.24068288 21.51912384 19.24068288 21.77312384 0 P 0
L 19.24068288 21.77312384 19.49468288 21.77312384 0 P 0
L 19.24068288 22.28112384 19.24068288 22.53512384 0 P 0
L 19.24068288 22.28112384 19.49468288 22.28112384 0 P 0
L 19.304 27.94 19.558 28.448 0 P 0
L 19.304 27.94 19.812 28.194 0 P 0
L 19.304 28.956 19.558 28.448 0 P 0
L 19.304 28.956 19.812 28.702 0 P 0
L 19.304 33.274 19.558 33.782 0 P 0
L 19.304 33.274 19.812 33.528 0 P 0
L 19.304 34.29 19.558 33.782 0 P 0
L 19.304 34.29 19.812 34.036 0 P 0
L 19.49468288 21.77312384 19.49468288 22.28112384 0 P 0
L 19.812 28.194 20.32 27.94 0 P 0
L 19.812 28.702 20.32 28.956 0 P 0
L 19.812 33.528 20.32 33.274 0 P 0
L 19.812 34.036 20.32 34.29 0 P 0
L 20.066 28.448 20.32 27.94 0 P 0
L 20.066 28.448 20.32 28.956 0 P 0
L 20.066 33.782 20.32 33.274 0 P 0
L 20.066 33.782 20.32 34.29 0 P 0
L 20.193 12.827 20.701 11.811 0 P 0
L 20.193 12.827 21.209 12.827 0 P 0
L 20.28800108 6.604 20.79600108 5.588 0 P 0
L 20.28800108 6.604 21.30400108 6.604 0 P 0
L 20.701 11.811 21.209 12.827 0 P 0
L 20.79600108 5.588 21.30400108 6.604 0 P 0
L 21.59 36.576 21.844 37.084 0 P 0
L 21.59 36.576 22.098 36.83 0 P 0
L 21.59 37.592 21.844 37.084 0 P 0
L 21.59 37.592 22.098 37.338 0 P 0
L 22.098 36.83 22.606 36.576 0 P 0
L 22.098 37.338 22.606 37.592 0 P 0
L 22.28799962 6.604 22.79599962 5.588 0 P 0
L 22.28799962 6.604 23.30399962 6.604 0 P 0
L 22.352 37.084 22.606 36.576 0 P 0
L 22.352 37.084 22.606 37.592 0 P 0
L 22.733 12.827 23.241 11.811 0 P 0
L 22.733 12.827 23.749 12.827 0 P 0
L 22.79599962 5.588 23.30399962 6.604 0 P 0
L 23.241 11.811 23.749 12.827 0 P 0
L 23.749 8.509 23.749 9.017 0 P 0
L 23.749 8.509 24.003 8.509 0 P 0
L 23.749 9.017 24.003 9.017 0 P 0
L 24.003 8.255 24.003 8.509 0 P 0
L 24.003 8.255 24.511 8.255 0 P 0
L 24.003 9.017 24.003 9.271 0 P 0
L 24.003 9.271 24.511 9.271 0 P 0
L 24.511 8.255 24.511 8.509 0 P 0
L 24.511 8.509 24.765 8.509 0 P 0
L 24.511 9.017 24.511 9.271 0 P 0
L 24.511 9.017 24.765 9.017 0 P 0
L 24.71773568 35.55589536 24.71773568 36.06389536 0 P 0
L 24.71773568 35.55589536 24.97173568 35.55589536 0 P 0
L 24.71773568 36.06389536 24.97173568 36.06389536 0 P 0
L 24.765 8.509 24.765 9.017 0 P 0
L 24.97173568 35.30189536 24.97173568 35.55589536 0 P 0
L 24.97173568 35.30189536 25.47973568 35.30189536 0 P 0
L 24.97173568 36.06389536 24.97173568 36.31789536 0 P 0
L 24.97173568 36.31789536 25.47973568 36.31789536 0 P 0
L 24.9919998 23.24599872 24.9919998 23.75399872 0 P 0
L 24.9919998 23.24599872 25.2459998 23.24599872 0 P 0
L 24.9919998 23.75399872 25.2459998 23.75399872 0 P 0
L 25.2459998 22.99199872 25.2459998 23.24599872 0 P 0
L 25.2459998 22.99199872 25.7539998 22.99199872 0 P 0
L 25.2459998 23.75399872 25.2459998 24.00799872 0 P 0
L 25.2459998 24.00799872 25.7539998 24.00799872 0 P 0
L 25.273 12.827 25.781 11.811 0 P 0
L 25.273 12.827 26.289 12.827 0 P 0
L 25.47973568 35.30189536 25.47973568 35.55589536 0 P 0
L 25.47973568 35.55589536 25.73373568 35.55589536 0 P 0
L 25.47973568 36.06389536 25.47973568 36.31789536 0 P 0
L 25.47973568 36.06389536 25.73373568 36.06389536 0 P 0
L 25.73373568 35.55589536 25.73373568 36.06389536 0 P 0
L 25.7539998 22.99199872 25.7539998 23.24599872 0 P 0
L 25.7539998 23.24599872 26.0079998 23.24599872 0 P 0
L 25.7539998 23.75399872 25.7539998 24.00799872 0 P 0
L 25.7539998 23.75399872 26.0079998 23.75399872 0 P 0
L 25.781 11.811 26.289 12.827 0 P 0
L 25.99200034 25.2459998 25.99200034 25.7539998 0 P 0
L 25.99200034 25.2459998 26.24600034 25.2459998 0 P 0
L 25.99200034 25.7539998 26.24600034 25.7539998 0 P 0
L 26.0079998 23.24599872 26.0079998 23.75399872 0 P 0
L 26.24600034 24.9919998 26.24600034 25.2459998 0 P 0
L 26.24600034 24.9919998 26.75400034 24.9919998 0 P 0
L 26.24600034 25.7539998 26.24600034 26.0079998 0 P 0
L 26.24600034 26.0079998 26.75400034 26.0079998 0 P 0
L 26.75400034 24.9919998 26.75400034 25.2459998 0 P 0
L 26.75400034 25.2459998 27.00800034 25.2459998 0 P 0
L 26.75400034 25.7539998 26.75400034 26.0079998 0 P 0
L 26.75400034 25.7539998 27.00800034 25.7539998 0 P 0
L 26.99200088 1.99200008 26.99200088 3.00800008 0 P 0
L 26.99200088 1.99200008 28.00800088 1.99200008 0 P 0
L 26.99200088 3.00800008 28.00800088 3.00800008 0 P 0
L 26.99200088 27.24600088 26.99200088 27.75400088 0 P 0
L 26.99200088 27.24600088 27.24600088 27.24600088 0 P 0
L 26.99200088 27.75400088 27.24600088 27.75400088 0 P 0
L 26.99200088 36.9920012 26.99200088 38.0080012 0 P 0
L 26.99200088 36.9920012 28.00800088 36.9920012 0 P 0
L 26.99200088 38.0080012 28.00800088 38.0080012 0 P 0
L 27.00800034 25.2459998 27.00800034 25.7539998 0 P 0
L 27.24600088 26.99200088 27.24600088 27.24600088 0 P 0
L 27.24600088 26.99200088 27.75400088 26.99200088 0 P 0
L 27.24600088 27.75400088 27.24600088 28.00800088 0 P 0
L 27.24600088 28.00800088 27.75400088 28.00800088 0 P 0
L 27.75400088 26.99200088 27.75400088 27.24600088 0 P 0
L 27.75400088 27.24600088 28.00800088 27.24600088 0 P 0
L 27.75400088 27.75400088 27.75400088 28.00800088 0 P 0
L 27.75400088 27.75400088 28.00800088 27.75400088 0 P 0
L 27.813 12.827 28.321 11.811 0 P 0
L 27.813 12.827 28.829 12.827 0 P 0
L 27.99199888 29.24599942 27.99199888 29.75399942 0 P 0
L 27.99199888 29.24599942 28.24599888 29.24599942 0 P 0
L 27.99199888 29.75399942 28.24599888 29.75399942 0 P 0
L 28.00800088 1.99200008 28.00800088 3.00800008 0 P 0
L 28.00800088 27.24600088 28.00800088 27.75400088 0 P 0
L 28.00800088 36.9920012 28.00800088 38.0080012 0 P 0
L 28.24599888 28.99199942 28.24599888 29.24599942 0 P 0
L 28.24599888 28.99199942 28.75399888 28.99199942 0 P 0
L 28.24599888 29.75399942 28.24599888 30.00799942 0 P 0
L 28.24599888 30.00799942 28.75399888 30.00799942 0 P 0
L 28.321 11.811 28.829 12.827 0 P 0
L 28.75399888 28.99199942 28.75399888 29.24599942 0 P 0
L 28.75399888 29.24599942 29.00799888 29.24599942 0 P 0
L 28.75399888 29.75399942 28.75399888 30.00799942 0 P 0
L 28.75399888 29.75399942 29.00799888 29.75399942 0 P 0
L 29.00799888 29.24599942 29.00799888 29.75399942 0 P 0
