UNITS=MM
#Layer_Color=32768
#
#Feature symbol names
#
$0 r127
$1 r99.9998

#
#Feature attribute names
#

#
#Layer features
#
L 1.8787999 20.0152 1.8787999 21.3868 0 P 0
L 1.8787999 20.0152 4.8251999 20.0152 0 P 0
L 1.8787999 21.3868 4.8251999 21.3868 0 P 0
L 1.96699886 12.03500006 1.96699886 14.63499994 1 P 0
L 1.96699886 12.03500006 3.36700114 12.03500006 1 P 0
L 1.96699886 14.63499994 3.36700114 14.63499994 1 P 0
L 1.96699886 14.95600006 1.96699886 17.55599994 1 P 0
L 1.96699886 14.95600006 3.36700114 14.95600006 1 P 0
L 1.96699886 17.55599994 3.36700114 17.55599994 1 P 0
L 2.00200006 18.34999886 2.00200006 19.75000114 1 P 0
L 2.00200006 18.34999886 4.60199994 18.34999886 1 P 0
L 2.00200006 19.75000114 4.60199994 19.75000114 1 P 0
L 3.36700114 12.03500006 3.36700114 14.63499994 1 P 0
L 3.36700114 14.95600006 3.36700114 17.55599994 1 P 0
L 4.20299642 12.573 4.20299642 18.034 0 P 0
L 4.20299642 12.573 11.31499642 12.573 0 P 0
L 4.20299642 18.034 11.31499642 18.034 0 P 0
L 4.60199994 18.34999886 4.60199994 19.75000114 1 P 0
L 4.8251999 20.0152 4.8251999 21.3868 0 P 0
L 5.01080024 10.0584 5.01080024 12.2936 0 P 0
L 5.01080024 10.0584 9.98920024 10.0584 0 P 0
L 5.01080024 12.2936 9.98920024 12.2936 0 P 0
L 6.57400006 7.04699886 6.57400006 8.44700114 1 P 0
L 6.57400006 7.04699886 9.17399994 7.04699886 1 P 0
L 6.57400006 8.44700114 9.17399994 8.44700114 1 P 0
L 6.57400006 8.57099886 6.57400006 9.97100114 1 P 0
L 6.57400006 8.57099886 9.17399994 8.57099886 1 P 0
L 6.57400006 9.97100114 9.17399994 9.97100114 1 P 0
L 8.68679746 18.6182 8.68679746 19.9898 0 P 0
L 8.68679746 18.6182 11.63319746 18.6182 0 P 0
L 8.68679746 19.9898 11.63319746 19.9898 0 P 0
L 9.17399994 7.04699886 9.17399994 8.44700114 1 P 0
L 9.17399994 8.57099886 9.17399994 9.97100114 1 P 0
L 9.98920024 10.0584 9.98920024 12.2936 0 P 0
L 11.31499642 12.573 11.31499642 18.034 0 P 0
L 11.63319746 18.6182 11.63319746 19.9898 0 P 0
