UNITS=MM
#Layer_Color=9474304
#
#Feature symbol names
#
$0 r127

#
#Feature attribute names
#

#
#Layer features
#
L 1.25000004 2.50000008 3.75000012 2.50000008 0 P 0
L 1.25000004 47.49999898 3.75000012 47.49999898 0 P 0
L 2.50000008 1.25000004 2.50000008 3.75000012 0 P 0
L 2.50000008 46.24999894 2.50000008 48.74999902 0 P 0
L 3.22200016 9.7600008 4.23800016 9.7600008 0 P 0
L 3.22200016 12.30000334 4.23800016 12.30000334 0 P 0
L 3.22200016 14.83999826 4.23800016 14.83999826 0 P 0
L 3.22200016 17.3800008 4.23800016 17.3800008 0 P 0
L 3.22200016 19.9200008 4.23800016 19.9200008 0 P 0
L 3.22200016 22.4600008 4.23800016 22.4600008 0 P 0
L 3.22200016 27.5400008 4.23800016 27.5400008 0 P 0
L 3.22200016 30.0800008 4.23800016 30.0800008 0 P 0
L 3.22200016 32.6200008 4.23800016 32.6200008 0 P 0
L 3.22200016 35.16000334 4.23800016 35.16000334 0 P 0
L 3.22200016 37.69999826 4.23800016 37.69999826 0 P 0
L 3.22200016 40.2400008 4.23800016 40.2400008 0 P 0
L 3.2220027 25.0000008 4.2380027 25.0000008 0 P 0
L 3.73000016 9.2520008 3.73000016 10.2680008 0 P 0
L 3.73000016 11.79200334 3.73000016 12.80800334 0 P 0
L 3.73000016 14.33199826 3.73000016 15.34799826 0 P 0
L 3.73000016 16.8720008 3.73000016 17.8880008 0 P 0
L 3.73000016 19.4120008 3.73000016 20.4280008 0 P 0
L 3.73000016 21.9520008 3.73000016 22.9680008 0 P 0
L 3.73000016 27.0320008 3.73000016 28.0480008 0 P 0
L 3.73000016 29.5720008 3.73000016 30.5880008 0 P 0
L 3.73000016 32.1120008 3.73000016 33.1280008 0 P 0
L 3.73000016 34.65200334 3.73000016 35.66800334 0 P 0
L 3.73000016 37.19199826 3.73000016 38.20799826 0 P 0
L 3.73000016 39.7320008 3.73000016 40.7480008 0 P 0
L 3.7300027 24.4920008 3.7300027 25.5080008 0 P 0
L 5.76199762 32.6200008 6.77799762 32.6200008 0 P 0
L 5.76199762 40.2400008 6.77799762 40.2400008 0 P 0
L 5.76200016 35.1600008 6.77800016 35.1600008 0 P 0
L 5.76200016 37.7000008 6.77800016 37.7000008 0 P 0
L 5.7620027 9.7600008 6.7780027 9.7600008 0 P 0
L 5.7620027 12.3000008 6.7780027 12.3000008 0 P 0
L 5.7620027 14.8400008 6.7780027 14.8400008 0 P 0
L 5.7620027 17.3800008 6.7780027 17.3800008 0 P 0
L 5.7620027 19.91999826 6.7780027 19.91999826 0 P 0
L 5.7620027 22.4600008 6.7780027 22.4600008 0 P 0
L 5.7620027 25.0000008 6.7780027 25.0000008 0 P 0
L 5.7620027 27.5400008 6.7780027 27.5400008 0 P 0
L 5.7620027 30.08000334 6.7780027 30.08000334 0 P 0
L 6.26999762 32.1120008 6.26999762 33.1280008 0 P 0
L 6.26999762 39.7320008 6.26999762 40.7480008 0 P 0
L 6.27000016 34.6520008 6.27000016 35.6680008 0 P 0
L 6.27000016 37.1920008 6.27000016 38.2080008 0 P 0
L 6.2700027 9.2520008 6.2700027 10.2680008 0 P 0
L 6.2700027 11.7920008 6.2700027 12.8080008 0 P 0
L 6.2700027 14.3320008 6.2700027 15.3480008 0 P 0
L 6.2700027 16.8720008 6.2700027 17.8880008 0 P 0
L 6.2700027 19.41199826 6.2700027 20.42799826 0 P 0
L 6.2700027 21.9520008 6.2700027 22.9680008 0 P 0
L 6.2700027 24.4920008 6.2700027 25.5080008 0 P 0
L 6.2700027 27.0320008 6.2700027 28.0480008 0 P 0
L 6.2700027 29.57200334 6.2700027 30.58800334 0 P 0
L 9.93039924 24.0139982 10.38759924 24.0139982 0 P 0
L 9.93040178 37.0000022 10.38760178 37.0000022 0 P 0
L 9.93239822 13.00000194 10.38959822 13.00000194 0 P 0
L 9.93239822 26.00000134 10.38959822 26.00000134 0 P 0
L 9.93240076 38.8366 10.38960076 38.8366 0 P 0
L 10.15899924 23.7853982 10.15899924 24.2425982 0 P 0
L 10.15900178 36.7714022 10.15900178 37.2286022 0 P 0
L 10.16099822 12.77140194 10.16099822 13.22860194 0 P 0
L 10.16099822 25.77140134 10.16099822 26.22860134 0 P 0
L 10.16100076 38.608 10.16100076 39.0652 0 P 0
L 14.5004028 30.34899696 14.9576028 30.34899696 0 P 0
L 14.50140102 17.68499892 14.95860102 17.68499892 0 P 0
L 14.50240178 32.3839967 14.95960178 32.3839967 0 P 0
L 14.5034 19.685 14.9606 19.685 0 P 0
L 14.7290028 30.12039696 14.7290028 30.57759696 0 P 0
L 14.73000102 17.45639892 14.73000102 17.91359892 0 P 0
L 14.73100178 32.1553967 14.73100178 32.6125967 0 P 0
L 14.732 19.4564 14.732 19.9136 0 P 0
L 16.90949882 41.35000112 17.29049882 41.35000112 0 P 0
L 16.9545 8.636 17.3355 8.636 0 P 0
L 17.09999882 41.15950112 17.09999882 41.54050112 0 P 0
L 17.145 8.4455 17.145 8.8265 0 P 0
L 18.34950102 17.526 18.73050102 17.526 0 P 0
L 18.34950356 19.30599898 18.73050356 19.30599898 0 P 0
L 18.3515 30.46800104 18.7325 30.46800104 0 P 0
L 18.54000102 17.3355 18.54000102 17.7165 0 P 0
L 18.54000356 19.11549898 18.54000356 19.49649898 0 P 0
L 18.542 30.27750104 18.542 30.65850104 0 P 0
L 18.5595006 10.3749983 18.9405006 10.3749983 0 P 0
L 18.6055 40.005 18.9865 40.005 0 P 0
L 18.7325 24.257 19.1135 24.257 0 P 0
L 18.7500006 10.1844983 18.7500006 10.5654983 0 P 0
L 18.796 39.8145 18.796 40.1955 0 P 0
L 18.8595 22.86 19.2405 22.86 0 P 0
L 18.923 24.0665 18.923 24.4475 0 P 0
L 19.05 22.6695 19.05 23.0505 0 P 0
L 19.61950102 27.051 20.00050102 27.051 0 P 0
L 19.81000102 26.8605 19.81000102 27.2415 0 P 0
L 20.8915 24.003 21.2725 24.003 0 P 0
L 21.0185 37.02499834 21.3995 37.02499834 0 P 0
L 21.0185 38.97499952 21.3995 38.97499952 0 P 0
L 21.082 23.8125 21.082 24.1935 0 P 0
L 21.1455 12.97499818 21.5265 12.97499818 0 P 0
L 21.209 36.83449834 21.209 37.21549834 0 P 0
L 21.209 38.78449952 21.209 39.16549952 0 P 0
L 21.336 12.78449818 21.336 13.16549818 0 P 0
L 24.4475 30.48 24.8285 30.48 0 P 0
L 24.5745 17.526 24.9555 17.526 0 P 0
L 24.638 30.2895 24.638 30.6705 0 P 0
L 24.7015 9.17899866 25.0825 9.17899866 0 P 0
L 24.7015 35.179 25.0825 35.179 0 P 0
L 24.765 17.3355 24.765 17.7165 0 P 0
L 24.892 8.98849866 24.892 9.36949866 0 P 0
L 24.892 34.9885 24.892 35.3695 0 P 0
L 25.7175 22.098 26.0985 22.098 0 P 0
L 25.908 21.9075 25.908 22.2885 0 P 0
L 28.04999978 7.7499972 28.94999798 7.7499972 0 P 0
L 28.04999978 9.74999828 28.94999798 9.74999828 0 P 0
L 28.04999978 14.2499969 28.94999798 14.2499969 0 P 0
L 28.04999978 16.24999798 28.94999798 16.24999798 0 P 0
L 28.04999978 20.7499966 28.94999798 20.7499966 0 P 0
L 28.04999978 22.74999768 28.94999798 22.74999768 0 P 0
L 28.04999978 27.2499963 28.94999798 27.2499963 0 P 0
L 28.04999978 29.24999738 28.94999798 29.24999738 0 P 0
L 28.04999978 33.749996 28.94999798 33.749996 0 P 0
L 28.04999978 35.74999708 28.94999798 35.74999708 0 P 0
L 28.04999978 40.2499957 28.94999798 40.2499957 0 P 0
L 28.04999978 42.24999678 28.94999798 42.24999678 0 P 0
L 28.49999888 7.2999981 28.49999888 8.1999963 0 P 0
L 28.49999888 9.29999918 28.49999888 10.19999738 0 P 0
L 28.49999888 13.7999978 28.49999888 14.699996 0 P 0
L 28.49999888 15.79999888 28.49999888 16.69999708 0 P 0
L 28.49999888 20.2999975 28.49999888 21.1999957 0 P 0
L 28.49999888 22.29999858 28.49999888 23.19999678 0 P 0
L 28.49999888 26.7999972 28.49999888 27.6999954 0 P 0
L 28.49999888 28.79999828 28.49999888 29.69999648 0 P 0
L 28.49999888 33.2999969 28.49999888 34.1999951 0 P 0
L 28.49999888 35.29999798 28.49999888 36.19999618 0 P 0
L 28.49999888 39.7999966 28.49999888 40.6999948 0 P 0
L 28.49999888 41.79999768 28.49999888 42.69999588 0 P 0
L 31.250001 2.50000008 33.75000108 2.50000008 0 P 0
L 31.250001 47.49999898 33.75000108 47.49999898 0 P 0
L 32.50000104 1.25000004 32.50000104 3.75000012 0 P 0
L 32.50000104 46.24999894 32.50000104 48.74999902 0 P 0
