UNITS=MM
#Layer_Color=32768
#
#Feature symbol names
#
$0 r127
$1 r99.9998

#
#Feature attribute names
#

#
#Layer features
#
L 2.67579856 8.7884 2.67579856 11.0236 0 P 0
L 2.67579856 8.7884 7.65420364 8.7884 0 P 0
L 2.67579856 11.0236 7.65420364 11.0236 0 P 0
L 2.94999918 13.43200006 2.94999918 16.03199994 1 P 0
L 2.94999918 13.43200006 4.35000146 13.43200006 1 P 0
L 2.94999918 16.03199994 4.35000146 16.03199994 1 P 0
L 4.07900124 6.28400064 4.07900124 8.31600064 0 P 0
L 4.07900124 6.28400064 6.11100124 6.28400064 0 P 0
L 4.07900124 8.31600064 6.11100124 8.31600064 0 P 0
L 4.35000146 13.43200006 4.35000146 16.03199994 1 P 0
L 4.46000124 11.31700048 4.46000124 18.93700048 0 P 0
L 4.46000124 11.31700048 9.54000124 11.31700048 0 P 0
L 4.46000124 18.93700048 9.54000124 18.93700048 0 P 0
L 5.34900124 21.68400032 5.34900124 23.71600032 0 P 0
L 5.34900124 21.68400032 7.38100124 21.68400032 0 P 0
L 5.34900124 23.71600032 7.38100124 23.71600032 0 P 0
L 6.11100124 6.28400064 6.11100124 8.31600064 0 P 0
L 6.31500134 7.17399886 6.31500134 8.57400114 1 P 0
L 6.31500134 7.17399886 8.91500122 7.17399886 1 P 0
L 6.31500134 8.57400114 8.91500122 8.57400114 1 P 0
L 7.38100124 21.68400032 7.38100124 23.71600032 0 P 0
L 7.59000006 19.49299886 7.59000006 20.89300114 1 P 0
L 7.59000006 19.49299886 10.18999994 19.49299886 1 P 0
L 7.59000006 20.89300114 10.18999994 20.89300114 1 P 0
L 7.59000006 21.14399886 7.59000006 22.54400114 1 P 0
L 7.59000006 21.14399886 10.18999994 21.14399886 1 P 0
L 7.59000006 22.54400114 10.18999994 22.54400114 1 P 0
L 7.65420364 8.7884 7.65420364 11.0236 0 P 0
L 8.91500122 7.17399886 8.91500122 8.57400114 1 P 0
L 9.54000124 11.31700048 9.54000124 18.93700048 0 P 0
L 9.69999838 13.68600006 9.69999838 16.28599994 1 P 0
L 9.69999838 13.68600006 11.10000066 13.68600006 1 P 0
L 9.69999838 16.28599994 11.10000066 16.28599994 1 P 0
L 10.18999994 19.49299886 10.18999994 20.89300114 1 P 0
L 10.18999994 21.14399886 10.18999994 22.54400114 1 P 0
L 10.33779746 21.1582 10.33779746 22.5298 0 P 0
L 10.33779746 21.1582 13.28419746 21.1582 0 P 0
L 10.33779746 22.5298 13.28419746 22.5298 0 P 0
L 11.10000066 13.68600006 11.10000066 16.28599994 1 P 0
L 11.21419906 13.52680302 11.21419906 16.47320302 0 P 0
L 11.21419906 13.52680302 12.58579906 13.52680302 0 P 0
L 11.21419906 16.47320302 12.58579906 16.47320302 0 P 0
L 12.58579906 13.52680302 12.58579906 16.47320302 0 P 0
L 13.28419746 21.1582 13.28419746 22.5298 0 P 0
