UNITS=MM
#Layer_Color=9474304
#
#Feature symbol names
#
$0 r127

#
#Feature attribute names
#

#
#Layer features
#
L -0.7499985 10.00000032 0.7499985 10.00000032 0 P 0
L -0.7499985 15.00000048 0.7499985 15.00000048 0 P 0
L -0.7499985 20.00000064 0.7499985 20.00000064 0 P 0
L 0 9.25000182 0 10.74999882 0 P 0
L 0 14.25000198 0 15.74999898 0 P 0
L 0 19.25000214 0 20.74999914 0 P 0
L 0.5999988 1.59999934 2.59999988 1.59999934 0 P 0
L 0.5999988 28.39999908 2.59999988 28.39999908 0 P 0
L 0.87300054 9.50000132 1.12700054 9.50000132 0 P 0
L 0.87300054 10.49999932 1.12700054 10.49999932 0 P 0
L 0.87300054 14.50000148 1.12700054 14.50000148 0 P 0
L 0.87300054 15.49999948 1.12700054 15.49999948 0 P 0
L 0.87300054 19.50000164 1.12700054 19.50000164 0 P 0
L 0.87300054 20.49999964 1.12700054 20.49999964 0 P 0
L 1.00000054 9.37300132 1.00000054 9.62700132 0 P 0
L 1.00000054 10.37299932 1.00000054 10.62699932 0 P 0
L 1.00000054 14.37300148 1.00000054 14.62700148 0 P 0
L 1.00000054 15.37299948 1.00000054 15.62699948 0 P 0
L 1.00000054 19.37300164 1.00000054 19.62700164 0 P 0
L 1.00000054 20.37299964 1.00000054 20.62699964 0 P 0
L 1.59999934 0.5999988 1.59999934 2.59999988 0 P 0
L 1.59999934 27.39999854 1.59999934 29.39999962 0 P 0
L 4.67000082 7.30000064 5.52000166 7.30000064 0 P 0
L 4.90450124 3.99999962 5.28550124 3.99999962 0 P 0
L 5.09500124 3.80949962 5.09500124 4.19049962 0 P 0
L 5.09500124 6.87500022 5.09500124 7.72500106 0 P 0
L 5.94000082 22.70000032 6.79000166 22.70000032 0 P 0
L 6.17450124 25.9999988 6.55550124 25.9999988 0 P 0
L 6.36500124 22.2749999 6.36500124 23.12500074 0 P 0
L 6.36500124 25.8094988 6.36500124 26.1904988 0 P 0
L 12.4000006 1.59999934 14.40000168 1.59999934 0 P 0
L 12.4000006 28.39999908 14.40000168 28.39999908 0 P 0
L 13.40000114 0.5999988 13.40000114 2.59999988 0 P 0
L 13.40000114 27.39999854 13.40000114 29.39999962 0 P 0
L 13.87299994 5.5000017 14.12699994 5.5000017 0 P 0
L 13.87299994 6.4999997 14.12699994 6.4999997 0 P 0
L 13.87299994 11.49999986 14.12699994 11.49999986 0 P 0
L 13.87299994 12.49999786 14.12699994 12.49999786 0 P 0
L 13.87299994 17.50000056 14.12699994 17.50000056 0 P 0
L 13.87299994 18.49999856 14.12699994 18.49999856 0 P 0
L 13.87299994 23.50000126 14.12699994 23.50000126 0 P 0
L 13.87299994 24.49999926 14.12699994 24.49999926 0 P 0
L 13.99999994 5.3730017 13.99999994 5.6270017 0 P 0
L 13.99999994 6.3729997 13.99999994 6.6269997 0 P 0
L 13.99999994 11.37299986 13.99999994 11.62699986 0 P 0
L 13.99999994 12.37299786 13.99999994 12.62699786 0 P 0
L 13.99999994 17.37300056 13.99999994 17.62700056 0 P 0
L 13.99999994 18.37299856 13.99999994 18.62699856 0 P 0
L 13.99999994 23.37300126 13.99999994 23.62700126 0 P 0
L 13.99999994 24.37299926 13.99999994 24.62699926 0 P 0
L 14.25000198 6.0000007 15.74999898 6.0000007 0 P 0
L 14.25000198 11.99999886 15.74999898 11.99999886 0 P 0
L 14.25000198 17.99999956 15.74999898 17.99999956 0 P 0
L 14.25000198 24.00000026 15.74999898 24.00000026 0 P 0
L 15.00000048 5.2500022 15.00000048 6.7499992 0 P 0
L 15.00000048 11.25000036 15.00000048 12.74999736 0 P 0
L 15.00000048 17.25000106 15.00000048 18.74999806 0 P 0
L 15.00000048 23.25000176 15.00000048 24.74999876 0 P 0
