UNITS=MM
#Layer_Color=32768
#
#Feature symbol names
#
$0 r127
$1 r99.9998

#
#Feature attribute names
#

#
#Layer features
#
L -0.01420114 21.17919564 -0.01420114 23.82079564 0 P 0
L -1.28420114 6.17920024 -1.28420114 8.82080024 0 P 0
L -2.65580114 21.17919564 -0.01420114 21.17919564 0 P 0
L -2.65580114 21.17919564 -2.65580114 23.82079564 0 P 0
L -2.65580114 23.82079564 -0.01420114 23.82079564 0 P 0
L -3.24000114 11.31700048 -3.24000114 18.93700048 0 P 0
L -3.24000114 11.31700048 1.83999886 11.31700048 0 P 0
L -3.24000114 18.93700048 1.83999886 18.93700048 0 P 0
L -3.33499714 13.43200006 -3.33499714 16.03199994 1 P 0
L -3.92580114 6.17920024 -1.28420114 6.17920024 0 P 0
L -3.92580114 6.17920024 -3.92580114 8.82080024 0 P 0
L -3.92580114 8.82080024 -1.28420114 8.82080024 0 P 0
L -4.73499942 13.43200006 -3.33499714 13.43200006 1 P 0
L -4.73499942 13.43200006 -4.73499942 16.03199994 1 P 0
L -4.73499942 16.03199994 -3.33499714 16.03199994 1 P 0
L -4.82420168 8.7884 -4.82420168 11.0236 0 P 0
L -4.82420168 8.7884 0.1542034 8.7884 0 P 0
L -4.82420168 11.0236 0.1542034 11.0236 0 P 0
L 0.08999982 19.49299886 0.08999982 20.89300114 1 P 0
L 0.08999982 19.49299886 2.6899997 19.49299886 1 P 0
L 0.08999982 20.89300114 2.6899997 20.89300114 1 P 0
L 0.08999982 21.14399886 0.08999982 22.54400114 1 P 0
L 0.08999982 21.14399886 2.6899997 21.14399886 1 P 0
L 0.08999982 22.54400114 2.6899997 22.54400114 1 P 0
L 0.1542034 8.7884 0.1542034 11.0236 0 P 0
L 0.94399862 7.97100006 0.94399862 10.57099994 1 P 0
L 0.94399862 7.97100006 2.3440009 7.97100006 1 P 0
L 0.94399862 10.57099994 2.3440009 10.57099994 1 P 0
L 1.46680174 22.6822 1.46680174 24.0538 0 P 0
L 1.46680174 22.6822 4.41320174 22.6822 0 P 0
L 1.46680174 24.0538 4.41320174 24.0538 0 P 0
L 1.83999886 11.31700048 1.83999886 18.93700048 0 P 0
L 1.95127118 13.6957435 1.95127118 16.29574338 1 P 0
L 1.95127118 13.6957435 3.35127346 13.6957435 1 P 0
L 1.95127118 16.29574338 3.35127346 16.29574338 1 P 0
L 2.3440009 7.97100006 2.3440009 10.57099994 1 P 0
L 2.6899997 19.49299886 2.6899997 20.89300114 1 P 0
L 2.6899997 21.14399886 2.6899997 22.54400114 1 P 0
L 3.35127346 13.6957435 3.35127346 16.29574338 1 P 0
L 3.46547186 13.53654646 3.46547186 16.48294646 0 P 0
L 3.46547186 13.53654646 4.83707186 13.53654646 0 P 0
L 3.46547186 16.48294646 4.83707186 16.48294646 0 P 0
L 4.41320174 22.6822 4.41320174 24.0538 0 P 0
L 4.83707186 13.53654646 4.83707186 16.48294646 0 P 0
