UNITS=MM
#Layer_Color=32768
#
#Feature symbol names
#
$0 r127
$1 r99.9998
$2 r254

#
#Feature attribute names
#

#
#Layer features
#
L 0.68200016 4.4260008 0.68200016 45.5740008 2 P 0
L 0.68200016 4.4260008 9.31800016 4.4260008 2 P 0
L 0.68200016 45.5740008 9.31800016 45.5740008 2 P 0
L 3.02999902 42.19999942 3.02999902 44.7999993 1 P 0
L 3.02999902 42.19999942 4.4300013 42.19999942 1 P 0
L 3.02999902 44.7999993 4.4300013 44.7999993 1 P 0
L 4.4300013 42.19999942 4.4300013 44.7999993 1 P 0
L 9.31800016 4.4260008 9.31800016 45.5740008 2 P 0
L 11.08559886 10.22199886 11.0856014 13.77799632 0 P 0
L 11.08559886 10.22199886 12.91439886 10.22199886 0 P 0
L 11.08559886 26.7780008 11.0856014 23.22200334 0 P 0
L 11.08559886 26.7780008 12.91439886 26.7780008 0 P 0
L 11.0856014 13.77799632 12.91439632 13.77799632 0 P 0
L 11.0856014 23.22200334 12.91439886 23.22200334 0 P 0
L 11.0856014 36.22200274 11.0856014 39.7780002 0 P 0
L 11.0856014 36.22200274 12.9144014 36.22200274 0 P 0
L 11.0856014 39.7780002 12.91439886 39.7780002 0 P 0
L 11.35379492 26.26420452 11.35379492 27.63580198 0 P 0
L 11.35379492 26.26420452 14.30019746 26.26420198 0 P 0
L 11.35379492 27.63580198 14.30019746 27.63580452 0 P 0
L 11.52700006 24.74999876 11.5270026 26.15000104 1 P 0
L 11.52700006 24.74999876 14.12700248 24.7500013 1 P 0
L 11.5270026 26.15000104 14.12700248 26.15000104 1 P 0
L 11.55500102 15.2210008 11.55500356 22.2060008 0 P 0
L 11.55500102 15.2210008 20.44500102 15.2210008 0 P 0
L 11.55500102 27.9210008 11.55500356 34.9060008 0 P 0
L 11.55500102 27.9210008 20.44500102 27.9210008 0 P 0
L 11.55500356 22.2060008 20.44499848 22.2060008 0 P 0
L 11.55500356 34.9060008 20.44499848 34.9060008 0 P 0
L 11.72679646 7.67079746 11.726799 6.2992 0 P 0
L 11.72679646 7.67079746 14.673199 7.6708 0 P 0
L 11.726799 6.2992 14.673199 6.2992 0 P 0
L 11.7856 16.90699946 11.7856 20.46299946 0 P 0
L 11.7856 16.90699946 13.6144 16.90699946 0 P 0
L 11.7856 20.46299946 13.6144 20.46299946 0 P 0
L 11.7856 29.5720008 11.7856 33.1280008 0 P 0
L 11.7856 29.5720008 13.6144 29.5720008 0 P 0
L 11.7856 33.1280008 13.61439746 33.12799826 0 P 0
L 11.94999896 4.63399886 11.94999896 6.03400114 1 P 0
L 11.94999896 4.63399886 14.54999884 4.63399886 1 P 0
L 11.94999896 6.03400114 14.54999884 6.03400114 1 P 0
L 12.91439632 13.77799632 12.91439886 10.22199886 0 P 0
L 12.91439886 23.22200334 12.91439886 26.7780008 0 P 0
L 12.91439886 39.7780002 12.9144014 36.22200274 0 P 0
L 13.0855974 34.22200166 13.0855974 37.77800166 0 P 0
L 13.0855974 34.22200166 14.91439486 34.22200166 0 P 0
L 13.0855974 37.77800166 14.91439486 37.77800166 0 P 0
L 13.08559994 11.77799778 13.08560248 8.22200032 0 P 0
L 13.08559994 11.77799778 14.91439994 11.77799778 0 P 0
L 13.08559994 24.77799972 13.08560248 21.22200226 0 P 0
L 13.08559994 24.77799972 14.91439994 24.77799972 0 P 0
L 13.08560248 8.22200032 14.91439994 8.22200032 0 P 0
L 13.08560248 21.22200226 14.91439994 21.22199972 0 P 0
L 13.2842 25.19680254 13.2842 28.14320508 0 P 0
L 13.2842 25.19680254 14.6558 25.19680254 0 P 0
L 13.2842 28.14320508 14.65579746 28.14320508 0 P 0
L 13.3141974 38.32680422 13.3141974 41.27320422 0 P 0
L 13.3141974 38.32680422 14.68579994 38.32680422 0 P 0
L 13.3141974 41.27320422 14.6857974 41.27320422 0 P 0
L 13.31419994 12.32680542 13.31419994 15.27320288 0 P 0
L 13.31419994 12.32680542 14.68579994 12.32680034 0 P 0
L 13.31419994 15.27320288 14.68579994 15.27320288 0 P 0
L 13.51279746 36.63579922 13.51280254 35.26419668 0 P 0
L 13.51279746 36.63579922 16.45919746 36.63580176 0 P 0
L 13.51280254 35.26419668 16.4592 35.26419922 0 P 0
L 13.61439746 33.12799826 13.6144 29.5720008 0 P 0
L 13.6144 16.90699946 13.6144 20.46299946 0 P 0
L 13.68599752 38.15000244 13.68600006 36.75000016 1 P 0
L 13.68599752 38.15000244 16.2859974 38.15000244 1 P 0
L 13.68600006 36.75000016 16.28599994 36.75000016 1 P 0
L 14.12700248 24.7500013 14.12700248 26.15000104 1 P 0
L 14.30019746 26.26420198 14.30019746 27.63580452 0 P 0
L 14.41299886 24.900001 14.41299886 27.50000088 1 P 0
L 14.41299886 24.900001 15.81300114 24.900001 1 P 0
L 14.41299886 27.50000088 15.81300114 27.50000088 1 P 0
L 14.54999884 4.63399886 14.54999884 6.03400114 1 P 0
L 14.65579746 28.14320508 14.6558 25.19680254 0 P 0
L 14.673199 6.2992 14.673199 7.6708 0 P 0
L 14.6857974 41.27320422 14.68579994 38.32680422 0 P 0
L 14.68579994 12.32680034 14.68579994 15.27320288 0 P 0
L 14.91439486 34.22200166 14.91439486 37.77800166 0 P 0
L 14.91439994 8.22200032 14.91439994 11.77799778 0 P 0
L 14.91439994 21.22199972 14.91439994 24.77799972 0 P 0
L 15.81300114 24.900001 15.81300114 27.50000088 1 P 0
L 16.16899992 9.07899886 16.16899992 14.92099886 0 P 0
L 16.16899992 9.07899886 24.06400064 9.07899886 0 P 0
L 16.16899992 14.92099886 24.06400064 14.92099886 0 P 0
L 16.16899992 22.0790008 16.16899992 27.92100334 0 P 0
L 16.16899992 22.0790008 24.06400064 22.07899826 0 P 0
L 16.16899992 27.92100334 24.06400064 27.9210008 0 P 0
L 16.16899992 35.0790002 16.16899992 40.9210002 0 P 0
L 16.16899992 35.0790002 24.06400318 35.0790002 0 P 0
L 16.16899992 40.9210002 24.06400318 40.9210002 0 P 0
L 16.2859974 38.15000244 16.28599994 36.75000016 1 P 0
L 16.45919746 36.63580176 16.4592 35.26419922 0 P 0
L 16.56999734 35.40000286 16.56999734 38.00000274 1 P 0
L 16.56999734 35.40000286 17.96999962 35.40000286 1 P 0
L 16.56999734 38.00000274 17.97000216 38.00000274 1 P 0
L 17.96999962 35.40000286 17.97000216 38.00000274 1 P 0
L 19.36599886 15.46400006 19.36599886 18.06399994 1 P 0
L 19.36599886 15.46400006 20.76600114 15.46400006 1 P 0
L 19.36599886 18.06399994 20.76600114 18.06399994 1 P 0
L 19.36599886 28.41800006 19.36599886 31.01799994 1 P 0
L 19.36599886 28.41800006 20.76600114 28.41800006 1 P 0
L 19.36599886 31.01799994 20.76600114 31.01799994 1 P 0
L 20.44499848 22.2060008 20.44500102 15.2210008 0 P 0
L 20.44499848 34.9060008 20.44500102 27.9210008 0 P 0
L 20.63599886 19.26000212 20.63599886 21.860002 1 P 0
L 20.63599886 19.26000212 22.03600114 19.26000212 1 P 0
L 20.63599886 21.860002 22.03600114 21.860002 1 P 0
L 20.66219642 33.22319746 20.6622015 30.27679492 0 P 0
L 20.66219642 33.22319746 22.03379896 33.22319746 0 P 0
L 20.6622015 30.27679492 22.03379388 30.27679492 0 P 0
L 20.76600114 15.46400006 20.76600114 18.06399994 1 P 0
L 20.76600114 28.41800006 20.76600114 31.01799994 1 P 0
L 20.79799752 33.30999942 20.79800006 34.7100017 1 P 0
L 20.79799752 33.30999942 23.3979974 33.30999942 1 P 0
L 20.79800006 34.7100017 23.39799994 34.7100017 1 P 0
L 20.87880254 16.8402 20.87880254 18.21180254 0 P 0
L 20.87880254 16.8402 23.82520508 16.84020254 0 P 0
L 20.87880254 18.21180254 23.82520254 18.2118 0 P 0
L 20.87880254 29.78220104 20.87880254 31.15380104 0 P 0
L 20.87880254 29.78220104 23.82520508 29.78220104 0 P 0
L 20.87880254 31.15380104 23.82520508 31.15380104 0 P 0
L 21.0520026 15.31399782 21.0520026 16.7140001 1 P 0
L 21.0520026 15.31399782 23.65200248 15.31399782 1 P 0
L 21.0520026 16.7140001 23.65199994 16.7140001 1 P 0
L 21.0520026 28.26800036 21.0520026 29.66800264 1 P 0
L 21.0520026 28.26800036 23.65200248 28.26800036 1 P 0
L 21.0520026 29.66800264 23.65200248 29.66800264 1 P 0
L 22.03379388 30.27679492 22.03379896 33.22319746 0 P 0
L 22.03600114 19.26000212 22.03600114 21.860002 1 P 0
L 22.1479999 30.45000006 22.1479999 33.04999994 1 P 0
L 22.1479999 30.45000006 23.54800218 30.45000006 1 P 0
L 22.1479999 33.04999994 23.54800218 33.04999994 1 P 0
L 22.14880254 20.62419802 22.14880254 21.99579802 0 P 0
L 22.14880254 20.62419802 25.09520508 20.62420056 0 P 0
L 22.14880254 21.99579802 25.09520508 21.99579802 0 P 0
L 22.3220026 19.10999988 22.3220026 20.51000216 1 P 0
L 22.3220026 19.10999988 24.92200248 19.10999988 1 P 0
L 22.3220026 20.51000216 24.92200248 20.51000216 1 P 0
L 23.3979974 33.30999942 23.39799994 34.7100017 1 P 0
L 23.54800218 30.45000006 23.54800218 33.04999994 1 P 0
L 23.65199994 16.7140001 23.65200248 15.31399782 1 P 0
L 23.65200248 28.26800036 23.65200248 29.66800264 1 P 0
L 23.82520254 18.2118 23.82520508 16.84020254 0 P 0
L 23.82520508 29.78220104 23.82520508 31.15380104 0 P 0
L 24.06400064 9.07899886 24.06400064 14.92099886 0 P 0
L 24.06400064 22.07899826 24.06400064 27.9210008 0 P 0
L 24.06400318 35.0790002 24.06400318 40.9210002 0 P 0
L 24.92200248 19.10999988 24.92200248 20.51000216 1 P 0
L 25.09520508 20.62420056 25.09520508 21.99579802 0 P 0
L 26.84899888 5.57500028 36.50099888 5.57500028 2 P 0
L 26.84899888 11.92500028 36.50099888 11.92500028 2 P 0
L 26.84899888 12.07499998 36.50099888 12.07499998 2 P 0
L 26.84899888 18.42499998 36.50099888 18.42499998 2 P 0
L 26.84899888 18.57499968 36.50099888 18.57499968 2 P 0
L 26.84899888 24.92499968 36.50099888 24.92499968 2 P 0
L 26.84899888 25.07499938 36.50099888 25.07499938 2 P 0
L 26.84899888 31.42499938 36.50099888 31.42499938 2 P 0
L 26.84899888 31.57499908 36.50099888 31.57499908 2 P 0
L 26.84899888 37.92499908 36.50099888 37.92499908 2 P 0
L 26.84899888 38.07499878 36.50099888 38.07499878 2 P 0
L 26.84899888 44.42499878 36.50099888 44.42499878 2 P 0
L 26.84999964 5.57500028 26.84999964 11.92500028 2 P 0
L 26.84999964 12.07499998 26.84999964 18.42499998 2 P 0
L 26.84999964 18.57499968 26.84999964 24.92499968 2 P 0
L 26.84999964 25.07499938 26.84999964 31.42499938 2 P 0
L 26.84999964 31.57499908 26.84999964 37.92499908 2 P 0
L 26.84999964 38.07499878 26.84999964 44.42499878 2 P 0
L 36.50099888 5.57500028 36.50099888 11.92500028 2 P 0
L 36.50099888 12.07499998 36.50099888 18.42499998 2 P 0
L 36.50099888 18.57499968 36.50099888 24.92499968 2 P 0
L 36.50099888 25.07499938 36.50099888 31.42499938 2 P 0
L 36.50099888 31.57499908 36.50099888 37.92499908 2 P 0
L 36.50099888 38.07499878 36.50099888 44.42499878 2 P 0
