UNITS=MM
#Layer_Color=9474304
#
#Feature symbol names
#
$0 r127
$1 r169.33164

#
#Feature attribute names
#

#
#Layer features
#
A 4.23800016 9.7600008 4.23800016 9.7600008 3.73000016 9.7600008 1 P 0 N
A 4.23800016 12.30000334 4.23800016 12.30000334 3.73000016 12.30000334 1 P 0 N
A 4.23800016 14.83999826 4.23800016 14.83999826 3.73000016 14.83999826 1 P 0 N
A 4.23800016 17.3800008 4.23800016 17.3800008 3.73000016 17.3800008 1 P 0 N
A 4.23800016 19.9200008 4.23800016 19.9200008 3.73000016 19.9200008 1 P 0 N
A 4.23800016 22.4600008 4.23800016 22.4600008 3.73000016 22.4600008 1 P 0 N
A 4.23800016 27.5400008 4.23800016 27.5400008 3.73000016 27.5400008 1 P 0 N
A 4.23800016 30.0800008 4.23800016 30.0800008 3.73000016 30.0800008 1 P 0 N
A 4.23800016 32.6200008 4.23800016 32.6200008 3.73000016 32.6200008 1 P 0 N
A 4.23800016 35.16000334 4.23800016 35.16000334 3.73000016 35.16000334 1 P 0 N
A 4.23800016 37.69999826 4.23800016 37.69999826 3.73000016 37.69999826 1 P 0 N
A 4.23800016 40.2400008 4.23800016 40.2400008 3.73000016 40.2400008 1 P 0 N
A 4.2380027 25.0000008 4.2380027 25.0000008 3.7300027 25.0000008 1 P 0 N
A 6.77799762 32.6200008 6.77799762 32.6200008 6.26999762 32.6200008 1 P 0 N
A 6.77799762 40.2400008 6.77799762 40.2400008 6.26999762 40.2400008 1 P 0 N
A 6.77800016 35.1600008 6.77800016 35.1600008 6.27000016 35.1600008 1 P 0 N
A 6.77800016 37.7000008 6.77800016 37.7000008 6.27000016 37.7000008 1 P 0 N
A 6.7780027 9.7600008 6.7780027 9.7600008 6.2700027 9.7600008 1 P 0 N
A 6.7780027 12.3000008 6.7780027 12.3000008 6.2700027 12.3000008 1 P 0 N
A 6.7780027 14.8400008 6.7780027 14.8400008 6.2700027 14.8400008 1 P 0 N
A 6.7780027 17.3800008 6.7780027 17.3800008 6.2700027 17.3800008 1 P 0 N
A 6.7780027 19.91999826 6.7780027 19.91999826 6.2700027 19.91999826 1 P 0 N
A 6.7780027 22.4600008 6.7780027 22.4600008 6.2700027 22.4600008 1 P 0 N
A 6.7780027 25.0000008 6.7780027 25.0000008 6.2700027 25.0000008 1 P 0 N
A 6.7780027 27.5400008 6.7780027 27.5400008 6.2700027 27.5400008 1 P 0 N
A 6.7780027 30.08000334 6.7780027 30.08000334 6.2700027 30.08000334 1 P 0 N
L 1.99200008 2.24600008 2.24600008 2.24600008 0 P 0
L 1.99200008 2.24600008 2.24600008 2.50000008 0 P 0
L 1.99200008 2.75400008 2.24600008 2.50000008 0 P 0
L 1.99200008 2.75400008 2.24600008 2.75400008 0 P 0
L 1.99200008 47.24599898 2.24600008 47.24599898 0 P 0
L 1.99200008 47.24599898 2.24600008 47.49999898 0 P 0
L 1.99200008 47.75399898 2.24600008 47.49999898 0 P 0
L 1.99200008 47.75399898 2.24600008 47.75399898 0 P 0
L 2.24600008 2.24600008 2.50000008 1.99200008 0 P 0
L 2.24600008 2.75400008 2.50000008 3.00800008 0 P 0
L 2.24600008 47.24599898 2.50000008 46.99199898 0 P 0
L 2.24600008 47.75399898 2.50000008 48.00799898 0 P 0
L 2.50000008 1.99200008 2.75400008 2.24600008 0 P 0
L 2.50000008 3.00800008 2.75400008 2.75400008 0 P 0
L 2.50000008 46.99199898 2.75400008 47.24599898 0 P 0
L 2.50000008 48.00799898 2.75400008 47.75399898 0 P 0
L 2.75400008 2.24600008 3.00800008 2.24600008 0 P 0
L 2.75400008 2.50000008 3.00800008 2.24600008 0 P 0
L 2.75400008 2.50000008 3.00800008 2.75400008 0 P 0
L 2.75400008 2.75400008 3.00800008 2.75400008 0 P 0
L 2.75400008 47.24599898 3.00800008 47.24599898 0 P 0
L 2.75400008 47.49999898 3.00800008 47.24599898 0 P 0
L 2.75400008 47.49999898 3.00800008 47.75399898 0 P 0
L 2.75400008 47.75399898 3.00800008 47.75399898 0 P 0
L 9.65099924 23.5059982 9.90499924 24.0139982 0 P 0
L 9.65099924 23.5059982 10.15899924 23.7599982 0 P 0
L 9.65099924 24.5219982 9.90499924 24.0139982 0 P 0
L 9.65099924 24.5219982 10.15899924 24.2679982 0 P 0
L 9.65100178 36.4920022 9.90500178 37.0000022 0 P 0
L 9.65100178 36.4920022 10.15900178 36.7460022 0 P 0
L 9.65100178 37.5080022 9.90500178 37.0000022 0 P 0
L 9.65100178 37.5080022 10.15900178 37.2540022 0 P 0
L 9.65299822 12.49200194 9.90699822 13.00000194 0 P 0
L 9.65299822 12.49200194 10.16099822 12.74600194 0 P 0
L 9.65299822 13.50800194 9.90699822 13.00000194 0 P 0
L 9.65299822 13.50800194 10.16099822 13.25400194 0 P 0
L 9.65299822 25.49200134 9.90699822 26.00000134 0 P 0
L 9.65299822 25.49200134 10.16099822 25.74600134 0 P 0
L 9.65299822 26.50800134 9.90699822 26.00000134 0 P 0
L 9.65299822 26.50800134 10.16099822 26.25400134 0 P 0
L 9.65300076 38.3286 9.90700076 38.8366 0 P 0
L 9.65300076 38.3286 10.16100076 38.5826 0 P 0
L 9.65300076 39.3446 9.90700076 38.8366 0 P 0
L 9.65300076 39.3446 10.16100076 39.0906 0 P 0
L 10.15899924 23.7599982 10.66699924 23.5059982 0 P 0
L 10.15899924 24.2679982 10.66699924 24.5219982 0 P 0
L 10.15900178 36.7460022 10.66700178 36.4920022 0 P 0
L 10.15900178 37.2540022 10.66700178 37.5080022 0 P 0
L 10.16099822 12.74600194 10.66899822 12.49200194 0 P 0
L 10.16099822 13.25400194 10.66899822 13.50800194 0 P 0
L 10.16099822 25.74600134 10.66899822 25.49200134 0 P 0
L 10.16099822 26.25400134 10.66899822 26.50800134 0 P 0
L 10.16100076 38.5826 10.66900076 38.3286 0 P 0
L 10.16100076 39.0906 10.66900076 39.3446 0 P 0
L 10.41299924 24.0139982 10.66699924 23.5059982 0 P 0
L 10.41299924 24.0139982 10.66699924 24.5219982 0 P 0
L 10.41300178 37.0000022 10.66700178 36.4920022 0 P 0
L 10.41300178 37.0000022 10.66700178 37.5080022 0 P 0
L 10.41499822 13.00000194 10.66899822 12.49200194 0 P 0
L 10.41499822 13.00000194 10.66899822 13.50800194 0 P 0
L 10.41499822 26.00000134 10.66899822 25.49200134 0 P 0
L 10.41499822 26.00000134 10.66899822 26.50800134 0 P 0
L 10.41500076 38.8366 10.66900076 38.3286 0 P 0
L 10.41500076 38.8366 10.66900076 39.3446 0 P 0
L 14.2210028 29.84099696 14.4750028 30.34899696 0 P 0
L 14.2210028 29.84099696 14.7290028 30.09499696 0 P 0
L 14.2210028 30.85699696 14.4750028 30.34899696 0 P 0
L 14.2210028 30.85699696 14.7290028 30.60299696 0 P 0
L 14.22200102 17.17699892 14.47600102 17.68499892 0 P 0
L 14.22200102 17.17699892 14.73000102 17.43099892 0 P 0
L 14.22200102 18.19299892 14.47600102 17.68499892 0 P 0
L 14.22200102 18.19299892 14.73000102 17.93899892 0 P 0
L 14.22300178 31.8759967 14.47700178 32.3839967 0 P 0
L 14.22300178 31.8759967 14.73100178 32.1299967 0 P 0
L 14.22300178 32.8919967 14.47700178 32.3839967 0 P 0
L 14.22300178 32.8919967 14.73100178 32.6379967 0 P 0
L 14.224 19.177 14.478 19.685 0 P 0
L 14.224 19.177 14.732 19.431 0 P 0
L 14.224 20.193 14.478 19.685 0 P 0
L 14.224 20.193 14.732 19.939 0 P 0
L 14.7290028 30.09499696 15.2370028 29.84099696 0 P 0
L 14.7290028 30.60299696 15.2370028 30.85699696 0 P 0
L 14.73000102 17.43099892 15.23800102 17.17699892 0 P 0
L 14.73000102 17.93899892 15.23800102 18.19299892 0 P 0
L 14.73100178 32.1299967 15.23900178 31.8759967 0 P 0
L 14.73100178 32.6379967 15.23900178 32.8919967 0 P 0
L 14.732 19.431 15.24 19.177 0 P 0
L 14.732 19.939 15.24 20.193 0 P 0
L 14.9830028 30.34899696 15.2370028 29.84099696 0 P 0
L 14.9830028 30.34899696 15.2370028 30.85699696 0 P 0
L 14.98400102 17.68499892 15.23800102 17.17699892 0 P 0
L 14.98400102 17.68499892 15.23800102 18.19299892 0 P 0
L 14.98500178 32.3839967 15.23900178 31.8759967 0 P 0
L 14.98500178 32.3839967 15.23900178 32.8919967 0 P 0
L 14.986 19.685 15.24 19.177 0 P 0
L 14.986 19.685 15.24 20.193 0 P 0
L 16.59199882 41.09600112 16.59199882 41.60400112 0 P 0
L 16.59199882 41.09600112 16.84599882 41.09600112 0 P 0
L 16.59199882 41.60400112 16.84599882 41.60400112 0 P 0
L 16.637 8.382 16.637 8.89 0 P 0
L 16.637 8.382 16.891 8.382 0 P 0
L 16.637 8.89 16.891 8.89 0 P 0
L 16.84599882 40.84200112 16.84599882 41.09600112 0 P 0
L 16.84599882 40.84200112 17.35399882 40.84200112 0 P 0
L 16.84599882 41.60400112 16.84599882 41.85800112 0 P 0
L 16.84599882 41.85800112 17.35399882 41.85800112 0 P 0
L 16.891 8.128 16.891 8.382 0 P 0
L 16.891 8.128 17.399 8.128 0 P 0
L 16.891 8.89 16.891 9.144 0 P 0
L 16.891 9.144 17.399 9.144 0 P 0
L 17.35399882 40.84200112 17.35399882 41.09600112 0 P 0
L 17.35399882 41.09600112 17.60799882 41.09600112 0 P 0
L 17.35399882 41.60400112 17.35399882 41.85800112 0 P 0
L 17.35399882 41.60400112 17.60799882 41.60400112 0 P 0
L 17.399 8.128 17.399 8.382 0 P 0
L 17.399 8.382 17.653 8.382 0 P 0
L 17.399 8.89 17.399 9.144 0 P 0
L 17.399 8.89 17.653 8.89 0 P 0
L 17.60799882 41.09600112 17.60799882 41.60400112 0 P 0
L 17.653 8.382 17.653 8.89 0 P 0
L 18.03200102 17.272 18.03200102 17.78 0 P 0
L 18.03200102 17.272 18.28600102 17.272 0 P 0
L 18.03200102 17.78 18.28600102 17.78 0 P 0
L 18.03200356 19.05199898 18.03200356 19.55999898 0 P 0
L 18.03200356 19.05199898 18.28600356 19.05199898 0 P 0
L 18.03200356 19.55999898 18.28600356 19.55999898 0 P 0
L 18.034 30.21400104 18.034 30.72200104 0 P 0
L 18.034 30.21400104 18.288 30.21400104 0 P 0
L 18.034 30.72200104 18.288 30.72200104 0 P 0
L 18.2420006 10.1209983 18.2420006 10.6289983 0 P 0
L 18.2420006 10.1209983 18.4960006 10.1209983 0 P 0
L 18.2420006 10.6289983 18.4960006 10.6289983 0 P 0
L 18.28600102 17.018 18.28600102 17.272 0 P 0
L 18.28600102 17.018 18.79400102 17.018 0 P 0
L 18.28600102 17.78 18.28600102 18.034 0 P 0
L 18.28600102 18.034 18.79400102 18.034 0 P 0
L 18.28600356 18.79799898 18.28600356 19.05199898 0 P 0
L 18.28600356 18.79799898 18.79400356 18.79799898 0 P 0
L 18.28600356 19.55999898 18.28600356 19.81399898 0 P 0
L 18.28600356 19.81399898 18.79400356 19.81399898 0 P 0
L 18.288 29.96000104 18.288 30.21400104 0 P 0
L 18.288 29.96000104 18.796 29.96000104 0 P 0
L 18.288 30.72200104 18.288 30.97600104 0 P 0
L 18.288 30.97600104 18.796 30.97600104 0 P 0
L 18.288 39.751 18.288 40.259 0 P 0
L 18.288 39.751 18.542 39.751 0 P 0
L 18.288 40.259 18.542 40.259 0 P 0
L 18.415 24.003 18.415 24.511 0 P 0
L 18.415 24.003 18.669 24.003 0 P 0
L 18.415 24.511 18.669 24.511 0 P 0
L 18.4960006 9.8669983 18.4960006 10.1209983 0 P 0
L 18.4960006 9.8669983 19.0040006 9.8669983 0 P 0
L 18.4960006 10.6289983 18.4960006 10.8829983 0 P 0
L 18.4960006 10.8829983 19.0040006 10.8829983 0 P 0
L 18.542 22.606 18.542 23.114 0 P 0
L 18.542 22.606 18.796 22.606 0 P 0
L 18.542 23.114 18.796 23.114 0 P 0
L 18.542 39.497 18.542 39.751 0 P 0
L 18.542 39.497 19.05 39.497 0 P 0
L 18.542 40.259 18.542 40.513 0 P 0
L 18.542 40.513 19.05 40.513 0 P 0
L 18.669 23.749 18.669 24.003 0 P 0
L 18.669 23.749 19.177 23.749 0 P 0
L 18.669 24.511 18.669 24.765 0 P 0
L 18.669 24.765 19.177 24.765 0 P 0
L 18.79400102 17.018 18.79400102 17.272 0 P 0
L 18.79400102 17.272 19.04800102 17.272 0 P 0
L 18.79400102 17.78 18.79400102 18.034 0 P 0
L 18.79400102 17.78 19.04800102 17.78 0 P 0
L 18.79400356 18.79799898 18.79400356 19.05199898 0 P 0
L 18.79400356 19.05199898 19.04800356 19.05199898 0 P 0
L 18.79400356 19.55999898 18.79400356 19.81399898 0 P 0
L 18.79400356 19.55999898 19.04800356 19.55999898 0 P 0
L 18.796 22.352 18.796 22.606 0 P 0
L 18.796 22.352 19.304 22.352 0 P 0
L 18.796 23.114 18.796 23.368 0 P 0
L 18.796 23.368 19.304 23.368 0 P 0
L 18.796 29.96000104 18.796 30.21400104 0 P 0
L 18.796 30.21400104 19.05 30.21400104 0 P 0
L 18.796 30.72200104 18.796 30.97600104 0 P 0
L 18.796 30.72200104 19.05 30.72200104 0 P 0
L 19.0040006 9.8669983 19.0040006 10.1209983 0 P 0
L 19.0040006 10.1209983 19.2580006 10.1209983 0 P 0
L 19.0040006 10.6289983 19.0040006 10.8829983 0 P 0
L 19.0040006 10.6289983 19.2580006 10.6289983 0 P 0
L 19.04800102 17.272 19.04800102 17.78 0 P 0
L 19.04800356 19.05199898 19.04800356 19.55999898 0 P 0
L 19.05 30.21400104 19.05 30.72200104 0 P 0
L 19.05 39.497 19.05 39.751 0 P 0
L 19.05 39.751 19.304 39.751 0 P 0
L 19.05 40.259 19.05 40.513 0 P 0
L 19.05 40.259 19.304 40.259 0 P 0
L 19.177 23.749 19.177 24.003 0 P 0
L 19.177 24.003 19.431 24.003 0 P 0
L 19.177 24.511 19.177 24.765 0 P 0
L 19.177 24.511 19.431 24.511 0 P 0
L 19.2580006 10.1209983 19.2580006 10.6289983 0 P 0
L 19.30200102 26.797 19.30200102 27.305 0 P 0
L 19.30200102 26.797 19.55600102 26.797 0 P 0
L 19.30200102 27.305 19.55600102 27.305 0 P 0
L 19.304 22.352 19.304 22.606 0 P 0
L 19.304 22.606 19.558 22.606 0 P 0
L 19.304 23.114 19.304 23.368 0 P 0
L 19.304 23.114 19.558 23.114 0 P 0
L 19.304 39.751 19.304 40.259 0 P 0
L 19.431 24.003 19.431 24.511 0 P 0
L 19.55600102 26.543 19.55600102 26.797 0 P 0
L 19.55600102 26.543 20.06400102 26.543 0 P 0
L 19.55600102 27.305 19.55600102 27.559 0 P 0
L 19.55600102 27.559 20.06400102 27.559 0 P 0
L 19.558 22.606 19.558 23.114 0 P 0
L 20.06400102 26.543 20.06400102 26.797 0 P 0
L 20.06400102 26.797 20.31800102 26.797 0 P 0
L 20.06400102 27.305 20.06400102 27.559 0 P 0
L 20.06400102 27.305 20.31800102 27.305 0 P 0
L 20.31800102 26.797 20.31800102 27.305 0 P 0
L 20.574 23.749 20.574 24.257 0 P 0
L 20.574 23.749 20.828 23.749 0 P 0
L 20.574 24.257 20.828 24.257 0 P 0
L 20.701 36.77099834 20.701 37.27899834 0 P 0
L 20.701 36.77099834 20.955 36.77099834 0 P 0
L 20.701 37.27899834 20.955 37.27899834 0 P 0
L 20.701 38.72099952 20.701 39.22899952 0 P 0
L 20.701 38.72099952 20.955 38.72099952 0 P 0
L 20.701 39.22899952 20.955 39.22899952 0 P 0
L 20.828 12.72099818 20.828 13.22899818 0 P 0
L 20.828 12.72099818 21.082 12.72099818 0 P 0
L 20.828 13.22899818 21.082 13.22899818 0 P 0
L 20.828 23.495 20.828 23.749 0 P 0
L 20.828 23.495 21.336 23.495 0 P 0
L 20.828 24.257 20.828 24.511 0 P 0
L 20.828 24.511 21.336 24.511 0 P 0
L 20.955 36.51699834 20.955 36.77099834 0 P 0
L 20.955 36.51699834 21.463 36.51699834 0 P 0
L 20.955 37.27899834 20.955 37.53299834 0 P 0
L 20.955 37.53299834 21.463 37.53299834 0 P 0
L 20.955 38.46699952 20.955 38.72099952 0 P 0
L 20.955 38.46699952 21.463 38.46699952 0 P 0
L 20.955 39.22899952 20.955 39.48299952 0 P 0
L 20.955 39.48299952 21.463 39.48299952 0 P 0
L 21.082 12.46699818 21.082 12.72099818 0 P 0
L 21.082 12.46699818 21.59 12.46699818 0 P 0
L 21.082 13.22899818 21.082 13.48299818 0 P 0
L 21.082 13.48299818 21.59 13.48299818 0 P 0
L 21.336 23.495 21.336 23.749 0 P 0
L 21.336 23.749 21.59 23.749 0 P 0
L 21.336 24.257 21.336 24.511 0 P 0
L 21.336 24.257 21.59 24.257 0 P 0
L 21.463 36.51699834 21.463 36.77099834 0 P 0
L 21.463 36.77099834 21.717 36.77099834 0 P 0
L 21.463 37.27899834 21.463 37.53299834 0 P 0
L 21.463 37.27899834 21.717 37.27899834 0 P 0
L 21.463 38.46699952 21.463 38.72099952 0 P 0
L 21.463 38.72099952 21.717 38.72099952 0 P 0
L 21.463 39.22899952 21.463 39.48299952 0 P 0
L 21.463 39.22899952 21.717 39.22899952 0 P 0
L 21.59 12.46699818 21.59 12.72099818 0 P 0
L 21.59 12.72099818 21.844 12.72099818 0 P 0
L 21.59 13.22899818 21.59 13.48299818 0 P 0
L 21.59 13.22899818 21.844 13.22899818 0 P 0
L 21.59 23.749 21.59 24.257 0 P 0
L 21.717 36.77099834 21.717 37.27899834 0 P 0
L 21.717 38.72099952 21.717 39.22899952 0 P 0
L 21.844 12.72099818 21.844 13.22899818 0 P 0
L 24.13 30.226 24.13 30.734 0 P 0
L 24.13 30.226 24.384 30.226 0 P 0
L 24.13 30.734 24.384 30.734 0 P 0
L 24.257 17.272 24.257 17.78 0 P 0
L 24.257 17.272 24.511 17.272 0 P 0
L 24.257 17.78 24.511 17.78 0 P 0
L 24.384 8.92499866 24.384 9.43299866 0 P 0
L 24.384 8.92499866 24.638 8.92499866 0 P 0
L 24.384 9.43299866 24.638 9.43299866 0 P 0
L 24.384 29.972 24.384 30.226 0 P 0
L 24.384 29.972 24.892 29.972 0 P 0
L 24.384 30.734 24.384 30.988 0 P 0
L 24.384 30.988 24.892 30.988 0 P 0
L 24.384 34.925 24.384 35.433 0 P 0
L 24.384 34.925 24.638 34.925 0 P 0
L 24.384 35.433 24.638 35.433 0 P 0
L 24.511 17.018 24.511 17.272 0 P 0
L 24.511 17.018 25.019 17.018 0 P 0
L 24.511 17.78 24.511 18.034 0 P 0
L 24.511 18.034 25.019 18.034 0 P 0
L 24.638 8.67099866 24.638 8.92499866 0 P 0
L 24.638 8.67099866 25.146 8.67099866 0 P 0
L 24.638 9.43299866 24.638 9.68699866 0 P 0
L 24.638 9.68699866 25.146 9.68699866 0 P 0
L 24.638 34.671 24.638 34.925 0 P 0
L 24.638 34.671 25.146 34.671 0 P 0
L 24.638 35.433 24.638 35.687 0 P 0
L 24.638 35.687 25.146 35.687 0 P 0
L 24.892 29.972 24.892 30.226 0 P 0
L 24.892 30.226 25.146 30.226 0 P 0
L 24.892 30.734 24.892 30.988 0 P 0
L 24.892 30.734 25.146 30.734 0 P 0
L 25.019 17.018 25.019 17.272 0 P 0
L 25.019 17.272 25.273 17.272 0 P 0
L 25.019 17.78 25.019 18.034 0 P 0
L 25.019 17.78 25.273 17.78 0 P 0
L 25.146 8.67099866 25.146 8.92499866 0 P 0
L 25.146 8.92499866 25.4 8.92499866 0 P 0
L 25.146 9.43299866 25.146 9.68699866 0 P 0
L 25.146 9.43299866 25.4 9.43299866 0 P 0
L 25.146 30.226 25.146 30.734 0 P 0
L 25.146 34.671 25.146 34.925 0 P 0
L 25.146 34.925 25.4 34.925 0 P 0
L 25.146 35.433 25.146 35.687 0 P 0
L 25.146 35.433 25.4 35.433 0 P 0
L 25.273 17.272 25.273 17.78 0 P 0
L 25.4 8.92499866 25.4 9.43299866 0 P 0
L 25.4 21.844 25.4 22.352 0 P 0
L 25.4 21.844 25.654 21.844 0 P 0
L 25.4 22.352 25.654 22.352 0 P 0
L 25.4 34.925 25.4 35.433 0 P 0
L 25.654 21.59 25.654 21.844 0 P 0
L 25.654 21.59 26.162 21.59 0 P 0
L 25.654 22.352 25.654 22.606 0 P 0
L 25.654 22.606 26.162 22.606 0 P 0
L 26.162 21.59 26.162 21.844 0 P 0
L 26.162 21.844 26.416 21.844 0 P 0
L 26.162 22.352 26.162 22.606 0 P 0
L 26.162 22.352 26.416 22.352 0 P 0
L 26.416 21.844 26.416 22.352 0 P 0
L 27.99199888 7.2419972 27.99199888 8.2579972 0 P 0
L 27.99199888 7.2419972 29.00799888 7.2419972 0 P 0
L 27.99199888 8.2579972 29.00799888 8.2579972 0 P 0
L 27.99199888 9.24199828 27.99199888 10.25799828 0 P 0
L 27.99199888 9.24199828 29.00799888 9.24199828 0 P 0
L 27.99199888 10.25799828 29.00799888 10.25799828 0 P 0
L 27.99199888 13.7419969 27.99199888 14.7579969 0 P 0
L 27.99199888 13.7419969 29.00799888 13.7419969 0 P 0
L 27.99199888 14.7579969 29.00799888 14.7579969 0 P 0
L 27.99199888 15.74199798 27.99199888 16.75799798 0 P 0
L 27.99199888 15.74199798 29.00799888 15.74199798 0 P 0
L 27.99199888 16.75799798 29.00799888 16.75799798 0 P 0
L 27.99199888 20.2419966 27.99199888 21.2579966 0 P 0
L 27.99199888 20.2419966 29.00799888 20.2419966 0 P 0
L 27.99199888 21.2579966 29.00799888 21.2579966 0 P 0
L 27.99199888 22.24199768 27.99199888 23.25799768 0 P 0
L 27.99199888 22.24199768 29.00799888 22.24199768 0 P 0
L 27.99199888 23.25799768 29.00799888 23.25799768 0 P 0
L 27.99199888 26.7419963 27.99199888 27.7579963 0 P 0
L 27.99199888 26.7419963 29.00799888 26.7419963 0 P 0
L 27.99199888 27.7579963 29.00799888 27.7579963 0 P 0
L 27.99199888 28.74199738 27.99199888 29.75799738 0 P 0
L 27.99199888 28.74199738 29.00799888 28.74199738 0 P 0
L 27.99199888 29.75799738 29.00799888 29.75799738 0 P 0
L 27.99199888 33.241996 27.99199888 34.257996 0 P 0
L 27.99199888 33.241996 29.00799888 33.241996 0 P 0
L 27.99199888 34.257996 29.00799888 34.257996 0 P 0
L 27.99199888 35.24199708 27.99199888 36.25799708 0 P 0
L 27.99199888 35.24199708 29.00799888 35.24199708 0 P 0
L 27.99199888 36.25799708 29.00799888 36.25799708 0 P 0
L 27.99199888 39.7419957 27.99199888 40.7579957 0 P 0
L 27.99199888 39.7419957 29.00799888 39.7419957 0 P 0
L 27.99199888 40.7579957 29.00799888 40.7579957 0 P 0
L 27.99199888 41.74199678 27.99199888 42.75799678 0 P 0
L 27.99199888 41.74199678 29.00799888 41.74199678 0 P 0
L 27.99199888 42.75799678 29.00799888 42.75799678 0 P 0
L 29.00799888 7.2419972 29.00799888 8.2579972 0 P 0
L 29.00799888 9.24199828 29.00799888 10.25799828 0 P 0
L 29.00799888 13.7419969 29.00799888 14.7579969 0 P 0
L 29.00799888 15.74199798 29.00799888 16.75799798 0 P 0
L 29.00799888 20.2419966 29.00799888 21.2579966 0 P 0
L 29.00799888 22.24199768 29.00799888 23.25799768 0 P 0
L 29.00799888 26.7419963 29.00799888 27.7579963 0 P 0
L 29.00799888 28.74199738 29.00799888 29.75799738 0 P 0
L 29.00799888 33.241996 29.00799888 34.257996 0 P 0
L 29.00799888 35.24199708 29.00799888 36.25799708 0 P 0
L 29.00799888 39.7419957 29.00799888 40.7579957 0 P 0
L 29.00799888 41.74199678 29.00799888 42.75799678 0 P 0
L 31.99200104 2.24600008 32.24600104 2.24600008 0 P 0
L 31.99200104 2.24600008 32.24600104 2.50000008 0 P 0
L 31.99200104 2.75400008 32.24600104 2.50000008 0 P 0
L 31.99200104 2.75400008 32.24600104 2.75400008 0 P 0
L 31.99200104 47.24599898 32.24600104 47.24599898 0 P 0
L 31.99200104 47.24599898 32.24600104 47.49999898 0 P 0
L 31.99200104 47.75399898 32.24600104 47.49999898 0 P 0
L 31.99200104 47.75399898 32.24600104 47.75399898 0 P 0
L 32.24600104 2.24600008 32.50000104 1.99200008 0 P 0
L 32.24600104 2.75400008 32.50000104 3.00800008 0 P 0
L 32.24600104 47.24599898 32.50000104 46.99199898 0 P 0
L 32.24600104 47.75399898 32.50000104 48.00799898 0 P 0
L 32.50000104 1.99200008 32.75400104 2.24600008 0 P 0
L 32.50000104 3.00800008 32.75400104 2.75400008 0 P 0
L 32.50000104 46.99199898 32.75400104 47.24599898 0 P 0
L 32.50000104 48.00799898 32.75400104 47.75399898 0 P 0
L 32.75400104 2.24600008 33.00800104 2.24600008 0 P 0
L 32.75400104 2.50000008 33.00800104 2.24600008 0 P 0
L 32.75400104 2.50000008 33.00800104 2.75400008 0 P 0
L 32.75400104 2.75400008 33.00800104 2.75400008 0 P 0
L 32.75400104 47.24599898 33.00800104 47.24599898 0 P 0
L 32.75400104 47.49999898 33.00800104 47.24599898 0 P 0
L 32.75400104 47.49999898 33.00800104 47.75399898 0 P 0
L 32.75400104 47.75399898 33.00800104 47.75399898 0 P 0
