UNITS=MM
#Layer_Color=9474304
#
#Feature symbol names
#
$0 r127

#
#Feature attribute names
#

#
#Layer features
#
L -1.33500114 21.99999664 -1.33500114 22.99999464 0 P 0
L -1.83500014 22.49999564 -0.83500214 22.49999564 0 P 0
L -2.60500114 7.00000124 -2.60500114 7.99999924 0 P 0
L -3.10500014 7.50000024 -2.10500214 7.50000024 0 P 0
L -5.9000009 0.5999988 -5.9000009 2.59999988 0 P 0
L -5.9000009 27.39999854 -5.9000009 29.39999962 0 P 0
L -6.0000007 5.02500138 -6.0000007 5.17499854 0 P 0
L -6.0000007 5.32500078 -6.0000007 5.47499794 0 P 0
L -6.0000007 13.07500052 -6.0000007 13.22499768 0 P 0
L -6.0000007 13.37499992 -6.0000007 13.52499708 0 P 0
L -6.0000007 16.47500134 -6.0000007 16.6249985 0 P 0
L -6.0000007 16.77500074 -6.0000007 16.9249979 0 P 0
L -6.07499928 5.09999996 -5.92500212 5.09999996 0 P 0
L -6.07499928 5.39999936 -5.92500212 5.39999936 0 P 0
L -6.07499928 13.1499991 -5.92500212 13.1499991 0 P 0
L -6.07499928 13.4499985 -5.92500212 13.4499985 0 P 0
L -6.07499928 16.54999992 -5.92500212 16.54999992 0 P 0
L -6.07499928 16.84999932 -5.92500212 16.84999932 0 P 0
L -6.32474478 5.02500138 -6.32474478 5.17499854 0 P 0
L -6.32474478 5.32500078 -6.32474478 5.47499794 0 P 0
L -6.32474478 13.07500052 -6.32474478 13.22499768 0 P 0
L -6.32474478 13.37499992 -6.32474478 13.52499708 0 P 0
L -6.32474478 16.47500134 -6.32474478 16.6249985 0 P 0
L -6.32474478 16.77500074 -6.32474478 16.9249979 0 P 0
L -6.39974336 5.09999996 -6.2497462 5.09999996 0 P 0
L -6.39974336 5.39999936 -6.2497462 5.39999936 0 P 0
L -6.39974336 13.1499991 -6.2497462 13.1499991 0 P 0
L -6.39974336 13.4499985 -6.2497462 13.4499985 0 P 0
L -6.39974336 16.54999992 -6.2497462 16.54999992 0 P 0
L -6.39974336 16.84999932 -6.2497462 16.84999932 0 P 0
L -6.90000144 1.59999934 -4.90000036 1.59999934 0 P 0
L -6.90000144 28.39999908 -4.90000036 28.39999908 0 P 0
L 4.90000036 1.59999934 6.90000144 1.59999934 0 P 0
L 4.90000036 28.39999908 6.90000144 28.39999908 0 P 0
L 5.9000009 0.5999988 5.9000009 2.59999988 0 P 0
L 5.9000009 27.39999854 5.9000009 29.39999962 0 P 0
L 5.90200242 5.09999996 6.05199958 5.09999996 0 P 0
L 5.90200242 5.39999936 6.05199958 5.39999936 0 P 0
L 5.90200242 13.1499991 6.05199958 13.1499991 0 P 0
L 5.90200242 13.4499985 6.05199958 13.4499985 0 P 0
L 5.90200242 16.54999992 6.05199958 16.54999992 0 P 0
L 5.90200242 16.84999932 6.05199958 16.84999932 0 P 0
L 5.977001 5.02500138 5.977001 5.17499854 0 P 0
L 5.977001 5.32500078 5.977001 5.47499794 0 P 0
L 5.977001 13.07500052 5.977001 13.22499768 0 P 0
L 5.977001 13.37499992 5.977001 13.52499708 0 P 0
L 5.977001 16.47500134 5.977001 16.6249985 0 P 0
L 5.977001 16.77500074 5.977001 16.9249979 0 P 0
L 6.2267465 5.09999996 6.37674366 5.09999996 0 P 0
L 6.2267465 5.39999936 6.37674366 5.39999936 0 P 0
L 6.2267465 13.1499991 6.37674366 13.1499991 0 P 0
L 6.2267465 13.4499985 6.37674366 13.4499985 0 P 0
L 6.2267465 16.54999992 6.37674366 16.54999992 0 P 0
L 6.2267465 16.84999932 6.37674366 16.84999932 0 P 0
L 6.30174508 5.02500138 6.30174508 5.17499854 0 P 0
L 6.30174508 5.32500078 6.30174508 5.47499794 0 P 0
L 6.30174508 13.07500052 6.30174508 13.22499768 0 P 0
L 6.30174508 13.37499992 6.30174508 13.52499708 0 P 0
L 6.30174508 16.47500134 6.30174508 16.6249985 0 P 0
L 6.30174508 16.77500074 6.30174508 16.9249979 0 P 0
